15.000	53.000	36.000	1000.000	23.000	50.000	22.882	357.483	511.384	633.770	62.172	64.614	55.517	40.165	17.676	59.856	24.149	0.000	20.219	9.552	78.597	0.000	0.000	0.000	0.000	0.000
15.000	53.000	37.000	1000.000	23.000	50.000	22.883	356.505	507.976	629.173	62.127	64.730	55.539	40.171	17.679	59.852	24.196	0.000	20.220	9.553	78.903	0.000	0.000	0.000	0.000	0.000
15.000	53.000	38.000	1000.000	23.000	50.000	22.886	355.280	504.564	624.520	62.108	64.632	55.577	40.169	17.675	59.860	24.204	0.000	20.100	9.555	78.955	0.000	0.000	0.000	0.000	0.000
15.000	53.000	39.000	1000.000	23.000	50.000	22.884	354.066	501.437	620.228	62.195	64.597	55.605	40.166	17.676	59.857	24.016	0.000	20.160	9.552	77.735	0.000	0.000	0.000	0.000	0.000
15.000	53.000	40.000	1000.000	23.000	50.000	22.886	353.135	498.324	615.995	62.199	64.615	55.516	40.167	17.711	59.888	24.045	0.000	20.280	9.551	77.921	0.000	0.000	0.000	0.000	0.000
15.000	53.000	41.000	1000.000	23.000	50.000	22.883	351.859	495.216	611.743	62.197	64.580	55.575	40.131	17.742	59.854	24.158	0.000	20.337	9.553	78.654	0.000	0.000	0.000	0.000	0.000
15.000	53.000	42.000	1000.000	23.000	50.000	22.884	351.031	492.525	610.065	62.186	64.643	55.668	40.165	17.769	59.853	24.277	0.000	20.219	9.493	79.431	0.000	0.000	0.000	0.000	0.000
15.000	53.000	43.000	1000.000	23.000	50.000	22.869	350.587	490.611	607.568	62.193	64.771	55.667	40.166	17.772	59.889	24.258	0.000	20.206	9.554	79.312	0.000	0.000	0.000	0.000	0.000
15.000	53.000	44.000	1000.000	23.000	50.000	22.870	349.711	488.913	603.793	62.038	64.712	55.607	40.168	17.773	59.859	24.189	0.000	20.140	9.489	78.861	0.000	0.000	0.000	0.000	0.000
15.000	53.000	45.000	1000.000	23.000	50.000	22.869	348.757	487.051	599.856	61.953	64.771	55.611	40.166	17.712	59.883	24.173	0.000	20.279	9.550	78.761	0.000	0.000	0.000	0.000	0.000
15.000	53.000	46.000	1000.000	23.000	50.000	22.871	347.845	484.564	596.169	61.949	64.804	55.550	40.169	17.732	59.830	24.287	0.000	20.219	9.551	79.504	0.000	0.000	0.000	0.000	0.000
15.000	53.000	47.000	1000.000	23.000	50.000	22.868	346.907	482.119	592.730	61.954	64.836	55.608	40.168	17.740	59.852	23.870	0.000	20.101	9.493	76.798	0.000	0.000	0.000	0.000	0.000
15.000	53.000	48.000	1000.000	23.000	50.000	22.821	346.020	479.574	589.291	61.941	64.890	55.637	40.168	17.744	59.859	24.199	0.000	20.158	9.553	78.941	0.000	0.000	0.000	0.000	0.000
15.000	53.000	49.000	1000.000	23.000	50.000	22.808	345.052	477.436	586.221	61.876	64.901	55.619	40.170	17.707	59.887	24.248	0.000	20.219	9.552	79.263	0.000	0.000	0.000	0.000	0.000
15.000	53.000	50.000	1000.000	23.000	50.000	22.761	344.116	474.897	583.162	61.869	64.902	55.609	40.167	17.678	59.893	24.290	0.000	20.340	9.550	79.557	0.000	0.000	0.000	0.000	0.000
15.000	53.000	51.000	1000.000	23.000	50.000	22.760	343.185	472.774	580.352	61.952	64.888	55.610	40.165	17.680	59.919	24.247	0.000	20.279	9.488	79.275	0.000	0.000	0.000	0.000	0.000
15.000	53.000	52.000	1000.000	23.000	50.000	22.745	342.620	470.552	577.320	61.865	64.741	55.549	40.170	17.681	59.915	24.072	0.000	20.173	9.489	78.140	0.000	0.000	0.000	0.000	0.000
15.000	53.000	53.000	1000.000	23.000	50.000	22.728	342.228	468.394	574.250	61.875	64.744	55.608	40.166	17.676	59.914	24.228	0.000	20.101	9.552	79.161	0.000	0.000	0.000	0.000	0.000
15.000	53.000	54.000	1000.000	23.000	50.000	22.712	341.329	466.597	571.777	61.873	64.646	55.671	40.195	17.710	59.889	23.943	0.000	20.221	9.492	77.309	0.000	0.000	0.000	0.000	0.000
15.000	53.000	55.000	1000.000	23.000	50.000	22.700	340.726	464.828	570.677	61.797	64.614	55.637	40.229	17.676	59.886	24.373	0.000	20.399	9.486	80.119	0.000	0.000	0.000	0.000	0.000
15.000	53.000	56.000	1000.000	23.000	50.000	22.696	339.766	463.377	568.623	61.951	64.742	55.605	40.197	17.675	59.947	24.145	0.000	20.572	9.489	78.629	0.000	0.000	0.000	0.000	0.000
15.000	53.000	57.000	1000.000	23.000	50.000	22.682	339.178	461.516	566.267	61.951	64.805	55.610	40.228	17.705	59.981	24.194	0.000	20.495	9.491	78.952	0.000	0.000	0.000	0.000	0.000
15.000	53.000	58.000	1000.000	23.000	50.000	22.667	338.267	460.883	563.702	61.892	64.954	55.640	40.260	17.707	60.014	24.072	0.000	20.400	9.491	78.163	0.000	0.000	0.000	0.000	0.000
15.000	53.000	59.000	1000.000	23.000	50.000	22.649	337.615	459.049	561.272	61.918	64.873	55.673	40.260	17.705	59.945	24.196	0.000	20.399	9.552	78.974	0.000	0.000	0.000	0.000	0.000
15.000	54.000	0.000	1000.000	23.000	50.000	22.656	337.011	457.499	559.098	61.967	64.724	55.613	40.228	17.674	59.916	24.132	0.000	20.399	9.491	78.550	0.000	0.000	0.000	0.000	0.000
15.000	54.000	1.000	1000.000	23.000	50.000	22.668	336.267	455.612	556.619	62.021	64.729	55.610	40.233	17.678	59.919	24.352	0.000	20.279	9.492	79.987	0.000	0.000	0.000	0.000	0.000
15.000	54.000	2.000	1000.000	23.000	50.000	22.647	336.057	454.044	554.469	62.030	64.897	55.609	40.199	17.676	59.890	24.162	0.000	20.159	9.488	78.751	0.000	0.000	0.000	0.000	0.000
15.000	54.000	3.000	1000.000	23.000	50.000	22.650	335.463	452.160	552.611	61.962	64.962	55.611	40.222	17.707	59.889	24.203	0.000	20.160	9.506	79.018	0.000	0.000	0.000	0.000	0.000
15.000	54.000	4.000	1000.000	23.000	50.000	22.649	334.807	450.929	550.422	61.872	64.960	55.644	40.225	17.678	59.946	24.181	0.000	20.219	9.548	78.878	0.000	0.000	0.000	0.000	0.000
15.000	54.000	5.000	1000.000	23.000	50.000	22.650	333.878	449.353	548.555	61.800	64.901	55.607	40.218	17.703	60.014	24.132	0.000	20.100	9.554	78.553	0.000	0.000	0.000	0.000	0.000
15.000	54.000	6.000	1000.000	23.000	50.000	22.634	333.241	447.810	546.427	61.873	64.866	55.705	40.196	17.680	59.921	24.239	0.000	20.082	9.552	79.258	0.000	0.000	0.000	0.000	0.000
15.000	54.000	7.000	1000.000	23.000	50.000	22.619	332.651	446.609	545.238	61.952	64.773	55.766	40.205	17.677	59.920	24.127	0.000	20.043	9.552	78.534	0.000	0.000	0.000	0.000	0.000
15.000	54.000	8.000	1000.000	23.000	50.000	22.603	332.019	445.564	544.103	61.956	64.739	55.669	40.229	17.675	59.914	24.223	0.000	20.337	9.552	79.163	0.000	0.000	0.000	0.000	0.000
15.000	54.000	9.000	1000.000	23.000	50.000	22.607	331.710	444.894	542.822	61.877	64.681	55.671	40.228	17.675	59.886	24.233	0.000	20.398	9.552	79.229	0.000	0.000	0.000	0.000	0.000
15.000	54.000	10.000	1000.000	23.000	50.000	22.604	331.225	443.736	541.458	61.813	64.898	55.610	40.231	17.676	59.884	24.285	0.000	20.397	9.555	79.567	0.000	0.000	0.000	0.000	0.000
15.000	54.000	11.000	1000.000	23.000	50.000	22.588	331.059	442.511	539.639	61.744	64.912	55.669	40.231	17.678	59.892	24.166	0.000	20.338	9.515	78.794	0.000	0.000	0.000	0.000	0.000
15.000	54.000	12.000	1000.000	23.000	50.000	22.589	330.443	441.271	538.092	61.711	64.855	55.696	40.229	17.710	59.886	24.109	0.000	20.457	9.549	78.421	0.000	0.000	0.000	0.000	0.000
15.000	54.000	13.000	1000.000	23.000	50.000	22.590	330.141	440.028	536.539	61.711	64.709	55.774	40.230	17.709	59.881	24.273	0.000	20.397	9.554	79.496	0.000	0.000	0.000	0.000	0.000
15.000	54.000	14.000	1000.000	23.000	50.000	22.583	329.562	438.763	534.702	61.875	64.746	55.751	40.227	17.711	59.862	24.098	0.000	20.440	9.486	78.351	0.000	0.000	0.000	0.000	0.000
15.000	54.000	15.000	1000.000	23.000	50.000	22.556	328.905	437.508	533.122	61.865	64.837	55.678	40.232	17.710	59.889	24.172	0.000	20.238	9.492	78.843	0.000	0.000	0.000	0.000	0.000
15.000	54.000	16.000	1000.000	23.000	50.000	22.558	328.630	436.601	531.581	61.873	64.744	55.704	40.200	17.708	59.918	23.904	0.000	19.983	9.490	77.102	0.000	0.000	0.000	0.000	0.000
15.000	54.000	17.000	1000.000	23.000	50.000	22.541	328.293	435.307	530.368	61.793	64.807	55.700	40.228	17.707	59.978	24.281	0.000	19.982	9.549	79.562	0.000	0.000	0.000	0.000	0.000
15.000	54.000	18.000	1000.000	23.000	50.000	22.556	328.003	434.443	528.795	61.713	64.895	55.578	40.257	17.709	59.945	24.108	0.000	20.160	9.550	78.427	0.000	0.000	0.000	0.000	0.000
15.000	54.000	19.000	1000.000	23.000	50.000	22.559	327.498	433.516	527.636	61.712	64.840	55.609	40.262	17.693	59.910	24.156	0.000	20.279	9.552	78.735	0.000	0.000	0.000	0.000	0.000
15.000	54.000	20.000	1000.000	23.000	50.000	22.556	327.340	432.696	526.390	61.792	64.687	55.638	40.260	17.678	59.893	24.067	0.000	20.219	9.551	78.157	0.000	0.000	0.000	0.000	0.000
15.000	54.000	21.000	1000.000	23.000	50.000	22.556	327.072	432.373	525.142	61.859	64.733	55.671	40.234	17.710	59.889	24.031	0.000	20.223	9.555	77.926	0.000	0.000	0.000	0.000	0.000
15.000	54.000	22.000	1000.000	23.000	50.000	22.573	326.732	431.594	524.519	61.869	64.728	55.704	40.193	17.708	59.858	24.166	0.000	20.241	9.554	78.800	0.000	0.000	0.000	0.000	0.000
15.000	54.000	23.000	1000.000	23.000	50.000	22.572	326.419	430.320	523.493	61.867	64.744	55.736	40.169	17.706	59.840	24.110	0.000	20.278	9.551	78.436	0.000	0.000	0.000	0.000	0.000
15.000	54.000	24.000	1000.000	23.000	50.000	22.573	325.840	429.443	522.373	61.869	64.992	55.675	40.196	17.710	59.826	24.110	0.000	20.159	9.553	78.434	0.000	0.000	0.000	0.000	0.000
15.000	54.000	25.000	1000.000	23.000	50.000	22.573	325.491	428.492	521.068	61.876	65.023	55.698	40.193	17.710	59.884	24.023	0.000	20.160	9.551	77.866	0.000	0.000	0.000	0.000	0.000
15.000	54.000	26.000	1000.000	23.000	50.000	22.542	324.891	427.532	520.142	61.947	64.806	55.704	40.162	17.709	59.885	24.126	0.000	20.101	9.493	78.545	0.000	0.000	0.000	0.000	0.000
15.000	54.000	27.000	1000.000	23.000	50.000	22.525	324.604	426.625	518.920	61.866	64.868	55.674	40.229	17.709	59.921	24.233	0.000	20.159	9.553	79.250	0.000	0.000	0.000	0.000	0.000
15.000	54.000	28.000	1000.000	23.000	50.000	22.512	324.336	425.691	517.677	61.864	65.026	55.717	40.262	17.709	59.917	24.115	0.000	20.220	9.553	78.484	0.000	0.000	0.000	0.000	0.000
15.000	54.000	29.000	1000.000	23.000	50.000	22.508	324.248	425.036	516.792	61.867	64.870	55.764	40.286	17.712	60.007	24.184	0.000	20.214	9.489	78.938	0.000	0.000	0.000	0.000	0.000
15.000	54.000	30.000	1000.000	23.000	50.000	22.510	323.635	424.108	515.849	61.868	64.773	55.732	40.291	17.707	59.981	24.154	0.000	20.100	9.553	78.742	0.000	0.000	0.000	0.000	0.000
15.000	54.000	31.000	1000.000	23.000	50.000	22.511	323.365	423.172	514.613	61.944	64.919	55.733	40.323	17.707	59.980	24.079	0.000	20.208	9.487	78.252	0.000	0.000	0.000	0.000	0.000
15.000	54.000	32.000	1000.000	23.000	50.000	22.512	323.009	422.747	513.672	61.953	65.058	55.737	40.326	17.706	59.977	24.165	0.000	20.160	9.491	78.810	0.000	0.000	0.000	0.000	0.000
15.000	54.000	33.000	1000.000	23.000	50.000	22.509	322.720	422.514	512.795	61.949	65.083	55.767	40.290	17.709	60.014	24.225	0.000	20.043	9.492	79.206	0.000	0.000	0.000	0.000	0.000
15.000	54.000	34.000	1000.000	23.000	50.000	22.511	322.403	421.618	512.175	62.073	65.055	55.764	40.261	17.646	59.985	24.088	0.000	20.042	9.550	78.310	0.000	0.000	0.000	0.000	0.000
15.000	54.000	35.000	1000.000	23.000	50.000	22.495	322.075	420.972	511.865	62.104	65.028	55.739	40.262	17.648	59.986	24.197	0.000	20.220	9.550	79.027	0.000	0.000	0.000	0.000	0.000
15.000	54.000	36.000	1000.000	23.000	50.000	22.494	321.791	420.351	510.907	62.114	64.962	55.735	40.262	17.674	60.042	24.201	0.000	20.160	9.553	79.052	0.000	0.000	0.000	0.000	0.000
15.000	54.000	37.000	1000.000	23.000	50.000	22.480	321.680	419.437	509.943	62.103	65.212	55.792	40.283	17.676	59.978	24.161	0.000	20.042	9.551	78.794	0.000	0.000	0.000	0.000	0.000
15.000	54.000	38.000	1000.000	23.000	50.000	22.479	321.516	418.804	508.997	62.117	65.153	55.747	40.273	17.678	60.039	23.999	0.000	20.195	9.492	77.742	0.000	0.000	0.000	0.000	0.000
15.000	54.000	39.000	1000.000	23.000	50.000	22.511	321.175	418.141	508.367	61.949	65.055	55.788	40.257	17.677	60.073	24.116	0.000	20.338	9.489	78.494	0.000	0.000	0.000	0.000	0.000
15.000	54.000	40.000	1000.000	23.000	50.000	22.496	320.838	417.560	507.532	62.028	65.055	55.798	40.266	17.674	60.067	24.283	0.000	20.280	9.485	79.584	0.000	0.000	0.000	0.000	0.000
15.000	54.000	41.000	1000.000	23.000	50.000	22.480	320.570	416.909	506.940	62.118	65.083	55.795	40.292	17.677	60.100	24.092	0.000	20.280	9.487	78.345	0.000	0.000	0.000	0.000	0.000
15.000	54.000	42.000	1000.000	23.000	50.000	22.499	320.258	416.335	505.973	62.181	64.975	55.766	40.325	17.681	60.104	24.121	0.000	20.399	9.428	78.530	0.000	0.000	0.000	0.000	0.000
15.000	54.000	43.000	1000.000	23.000	50.000	22.509	319.935	415.993	505.309	62.253	64.866	55.828	40.321	17.682	60.105	24.222	0.000	20.399	9.423	79.185	0.000	0.000	0.000	0.000	0.000
15.000	54.000	44.000	1000.000	23.000	50.000	22.495	319.659	415.633	504.739	62.196	64.830	55.798	40.320	17.675	60.099	24.197	0.000	20.398	9.490	79.026	0.000	0.000	0.000	0.000	0.000
15.000	54.000	45.000	1000.000	23.000	50.000	22.513	319.337	415.454	504.137	62.184	64.803	55.796	40.324	17.710	60.041	24.133	0.000	20.457	9.492	78.603	0.000	0.000	0.000	0.000	0.000
15.000	54.000	46.000	1000.000	23.000	50.000	22.524	319.304	414.719	503.590	62.064	64.802	55.887	40.292	17.708	60.042	24.095	0.000	20.457	9.552	78.349	0.000	0.000	0.000	0.000	0.000
15.000	54.000	47.000	1000.000	23.000	50.000	22.528	319.307	414.437	503.421	61.992	64.869	55.832	40.293	17.709	60.045	24.056	0.000	20.219	9.489	78.097	0.000	0.000	0.000	0.000	0.000
15.000	54.000	48.000	1000.000	23.000	50.000	22.526	319.016	413.831	502.887	61.938	65.151	55.768	40.288	17.680	60.037	24.387	0.000	20.159	9.552	80.258	0.000	0.000	0.000	0.000	0.000
15.000	54.000	49.000	1000.000	23.000	50.000	22.542	318.719	413.148	502.237	62.028	65.060	55.741	40.289	17.677	60.102	23.938	0.000	20.220	9.552	77.328	0.000	0.000	0.000	0.000	0.000
15.000	54.000	50.000	1000.000	23.000	50.000	22.527	318.388	412.555	501.666	61.953	65.053	55.704	40.289	17.704	60.102	24.176	0.000	20.338	9.487	78.878	0.000	0.000	0.000	0.000	0.000
15.000	54.000	51.000	1000.000	23.000	50.000	22.529	318.100	412.242	501.007	61.956	65.057	55.700	40.295	17.697	60.068	24.202	0.000	20.456	9.490	79.045	0.000	0.000	0.000	0.000	0.000
15.000	54.000	52.000	1000.000	23.000	50.000	22.524	317.743	411.603	500.658	61.954	65.027	55.749	40.289	17.676	60.069	24.240	0.000	20.632	9.424	79.298	0.000	0.000	0.000	0.000	0.000
15.000	54.000	53.000	1000.000	23.000	50.000	22.511	317.478	411.018	500.094	61.941	65.137	55.801	40.293	17.649	60.106	24.236	0.000	20.514	9.424	79.275	0.000	0.000	0.000	0.000	0.000
15.000	54.000	54.000	1000.000	23.000	50.000	22.495	317.425	410.385	499.829	61.868	65.284	55.826	40.314	17.677	60.072	24.159	0.000	20.619	9.490	78.778	0.000	0.000	0.000	0.000	0.000
15.000	54.000	55.000	1000.000	23.000	50.000	22.511	317.238	410.077	499.203	61.946	65.328	55.733	40.329	17.679	60.133	24.157	0.000	20.337	9.553	78.758	0.000	0.000	0.000	0.000	0.000
15.000	54.000	56.000	1000.000	23.000	50.000	22.511	317.168	409.911	498.851	62.026	65.248	55.737	40.320	17.680	60.198	24.137	0.000	20.221	9.490	78.629	0.000	0.000	0.000	0.000	0.000
15.000	54.000	57.000	1000.000	23.000	50.000	22.511	317.152	409.433	498.258	61.953	65.215	55.738	40.354	17.682	60.195	24.043	0.000	20.218	9.490	78.018	0.000	0.000	0.000	0.000	0.000
15.000	54.000	58.000	1000.000	23.000	50.000	22.526	316.846	409.143	497.952	61.890	65.376	55.862	40.325	17.711	60.179	24.152	0.000	20.160	9.490	78.722	0.000	0.000	0.000	0.000	0.000
15.000	54.000	59.000	1000.000	23.000	50.000	22.510	316.526	408.791	497.691	61.893	65.245	55.770	40.323	17.678	60.167	23.933	0.000	20.160	9.489	77.303	0.000	0.000	0.000	0.000	0.000
15.000	55.000	0.000	1000.000	23.000	50.000	22.511	316.196	408.148	497.337	61.940	65.151	55.830	40.321	17.705	60.138	24.076	0.000	20.097	9.492	78.230	0.000	0.000	0.000	0.000	0.000
15.000	55.000	1.000	1000.000	23.000	50.000	22.511	315.898	407.891	496.985	61.873	65.377	55.797	40.326	17.686	60.132	24.274	0.000	20.143	9.492	79.526	0.000	0.000	0.000	0.000	0.000
15.000	55.000	2.000	1000.000	23.000	50.000	22.524	315.603	407.563	496.410	61.789	65.187	55.801	40.353	17.676	60.063	24.213	0.000	20.332	9.494	79.119	0.000	0.000	0.000	0.000	0.000
15.000	55.000	3.000	1000.000	23.000	50.000	22.524	315.569	406.956	496.084	61.794	65.244	55.797	40.357	17.678	60.076	24.222	0.000	20.455	9.491	79.179	0.000	0.000	0.000	0.000	0.000
15.000	55.000	4.000	1000.000	23.000	50.000	22.543	315.485	406.617	495.813	61.875	65.217	55.798	40.384	17.679	60.072	24.277	0.000	20.398	9.548	79.531	0.000	0.000	0.000	0.000	0.000
15.000	55.000	5.000	1000.000	23.000	50.000	22.543	315.286	406.324	495.183	61.954	65.137	55.797	40.415	17.710	60.067	24.243	0.000	20.339	9.544	79.308	0.000	0.000	0.000	0.000	0.000
15.000	55.000	6.000	1000.000	23.000	50.000	22.546	314.981	405.996	494.901	62.018	65.068	55.766	40.420	17.709	60.044	24.141	0.000	20.338	9.487	78.647	0.000	0.000	0.000	0.000	0.000
15.000	55.000	7.000	1000.000	23.000	50.000	22.559	314.981	405.754	494.568	62.030	65.018	55.799	40.414	17.712	60.067	24.282	0.000	20.084	9.427	79.564	0.000	0.000	0.000	0.000	0.000
15.000	55.000	8.000	1000.000	23.000	50.000	22.556	314.662	405.622	494.228	61.952	64.900	55.735	40.385	17.710	60.136	24.107	0.000	20.159	9.427	78.417	0.000	0.000	0.000	0.000	0.000
15.000	55.000	9.000	1000.000	23.000	50.000	22.558	314.352	405.401	493.884	61.948	64.802	55.769	40.390	17.709	60.161	24.074	0.000	20.338	9.424	78.203	0.000	0.000	0.000	0.000	0.000
15.000	55.000	10.000	1000.000	23.000	50.000	22.531	314.347	405.074	493.577	61.820	64.933	55.734	40.384	17.708	60.180	24.244	0.000	20.397	9.426	79.319	0.000	0.000	0.000	0.000	0.000
15.000	55.000	11.000	1000.000	23.000	50.000	22.527	314.065	404.781	493.365	61.765	64.930	55.829	40.410	17.708	60.197	24.154	0.000	20.278	9.430	78.731	0.000	0.000	0.000	0.000	0.000
15.000	55.000	12.000	1000.000	23.000	50.000	22.524	314.013	404.434	493.109	61.721	64.962	55.766	40.390	17.709	60.171	23.977	0.000	20.218	9.492	77.587	0.000	0.000	0.000	0.000	0.000
15.000	55.000	13.000	1000.000	23.000	50.000	22.513	313.965	404.150	492.999	61.703	65.056	55.830	40.386	17.695	60.164	24.135	0.000	20.338	9.494	78.615	0.000	0.000	0.000	0.000	0.000
15.000	55.000	14.000	1000.000	23.000	50.000	22.511	313.716	403.866	492.686	61.626	64.994	55.860	40.390	17.677	60.197	24.235	0.000	20.334	9.554	79.266	0.000	0.000	0.000	0.000	0.000
15.000	55.000	15.000	1000.000	23.000	50.000	22.511	313.409	403.526	492.377	61.711	64.965	55.950	40.387	17.676	60.226	24.023	0.000	20.367	9.552	77.885	0.000	0.000	0.000	0.000	0.000
15.000	55.000	16.000	1000.000	23.000	50.000	22.510	313.383	403.193	492.067	61.636	64.865	55.928	40.384	17.678	60.191	24.152	0.000	20.339	9.556	78.727	0.000	0.000	0.000	0.000	0.000
15.000	55.000	17.000	1000.000	23.000	50.000	22.523	313.410	402.902	491.787	61.704	64.824	55.907	40.416	17.680	60.160	25.580	0.000	20.338	9.489	88.311	0.000	0.000	0.000	0.000	0.000
15.000	55.000	18.000	1000.000	23.000	50.000	22.527	313.403	402.582	491.503	61.705	64.832	55.891	40.353	17.742	60.130	26.691	0.000	20.398	9.492	96.147	0.000	0.000	0.000	0.000	0.000
15.000	55.000	19.000	1000.000	23.000	50.000	22.527	313.093	402.338	491.110	61.789	65.025	55.833	40.356	17.712	60.195	27.274	0.000	20.398	9.432	100.397	0.000	0.000	0.000	0.000	0.000
15.000	55.000	20.000	1000.000	23.000	50.000	22.527	313.064	402.240	490.830	62.024	65.215	55.858	40.353	17.705	60.318	26.977	0.000	20.337	9.430	98.223	0.000	0.000	0.000	0.000	0.000
15.000	55.000	21.000	1000.000	23.000	50.000	22.526	313.111	401.997	490.198	61.956	65.183	55.829	40.356	17.740	60.317	27.269	0.000	20.339	9.487	100.363	0.000	0.000	0.000	0.000	0.000
15.000	55.000	22.000	1000.000	23.000	50.000	22.543	312.996	401.648	489.927	61.845	65.370	55.796	40.357	17.765	60.301	27.271	0.000	20.260	9.427	100.372	0.000	0.000	0.000	0.000	0.000
15.000	55.000	23.000	1000.000	23.000	50.000	22.571	312.775	401.368	489.600	61.796	65.340	55.894	40.353	17.731	60.289	27.430	0.000	20.279	9.489	101.533	0.000	0.000	0.000	0.000	0.000
15.000	55.000	24.000	1000.000	23.000	50.000	22.573	312.510	401.059	489.021	61.877	64.995	55.895	40.354	17.707	60.225	27.797	0.000	20.277	9.490	104.267	0.000	0.000	0.000	0.000	0.000
15.000	55.000	25.000	1000.000	23.000	50.000	22.575	312.161	400.448	488.531	62.028	64.907	55.954	40.411	17.706	60.162	27.740	0.000	20.158	9.489	103.840	0.000	0.000	0.000	0.000	0.000
15.000	55.000	26.000	1000.000	23.000	50.000	22.557	311.823	400.077	488.264	62.185	64.933	55.893	40.388	17.676	60.099	27.986	0.000	20.218	9.495	105.698	0.000	0.000	0.000	0.000	0.000
15.000	55.000	27.000	1000.000	23.000	50.000	22.558	311.565	399.482	488.024	62.342	65.024	55.861	40.386	17.711	60.163	28.021	0.000	20.219	9.487	105.968	0.000	0.000	0.000	0.000	0.000
15.000	55.000	28.000	1000.000	23.000	50.000	22.558	311.216	399.180	487.447	62.502	65.045	55.861	40.362	17.682	60.196	28.162	0.000	20.100	9.434	107.034	0.000	0.000	0.000	0.000	0.000
15.000	55.000	29.000	1000.000	23.000	50.000	22.535	310.954	398.498	486.831	62.427	65.023	55.884	40.366	17.704	60.201	28.146	0.000	20.101	9.490	106.923	0.000	0.000	0.000	0.000	0.000
15.000	55.000	30.000	1000.000	23.000	50.000	22.527	310.662	397.902	486.178	62.655	65.029	55.901	40.384	17.707	60.132	28.097	0.000	20.159	9.554	106.551	0.000	0.000	0.000	0.000	0.000
15.000	55.000	31.000	1000.000	23.000	50.000	22.529	310.416	397.436	485.601	62.656	65.086	55.918	40.355	17.741	60.104	28.181	0.000	20.218	9.554	107.193	0.000	0.000	0.000	0.000	0.000
15.000	55.000	32.000	1000.000	23.000	50.000	22.528	310.316	397.267	484.979	62.664	65.178	55.861	40.388	17.713	60.101	28.378	0.000	20.159	9.486	108.698	0.000	0.000	0.000	0.000	0.000
15.000	55.000	33.000	1000.000	23.000	50.000	22.526	309.708	396.685	484.357	62.662	65.148	55.927	40.417	17.682	60.099	28.226	0.000	20.159	9.486	107.532	0.000	0.000	0.000	0.000	0.000
15.000	55.000	34.000	1000.000	23.000	50.000	22.527	309.394	396.035	484.382	62.662	65.150	55.891	40.448	17.677	60.110	28.189	0.000	20.159	9.493	107.254	0.000	0.000	0.000	0.000	0.000
15.000	55.000	35.000	1000.000	23.000	50.000	22.546	309.061	395.439	483.131	62.736	65.088	55.922	40.421	17.683	60.046	28.316	0.000	20.217	9.489	108.212	0.000	0.000	0.000	0.000	0.000
15.000	55.000	36.000	1000.000	23.000	50.000	22.544	308.787	394.805	482.515	62.734	64.931	55.859	40.387	17.708	60.093	28.419	0.000	20.217	9.491	109.001	0.000	0.000	0.000	0.000	0.000
15.000	55.000	37.000	1000.000	23.000	50.000	22.543	308.480	394.130	481.909	62.814	65.137	55.925	40.388	17.705	60.132	28.294	0.000	20.339	9.491	108.048	0.000	0.000	0.000	0.000	0.000
15.000	55.000	38.000	1000.000	23.000	50.000	22.558	308.487	393.552	481.390	62.980	65.053	55.864	40.353	17.712	60.127	28.168	0.000	20.502	9.489	107.077	0.000	0.000	0.000	0.000	0.000
15.000	55.000	39.000	1000.000	23.000	50.000	22.558	308.141	392.910	481.133	63.053	65.016	55.923	40.355	17.678	60.133	28.062	0.000	20.574	9.489	106.273	0.000	0.000	0.000	0.000	0.000
15.000	55.000	40.000	1000.000	23.000	50.000	22.557	307.882	392.648	480.640	63.128	64.994	55.836	40.354	17.647	60.133	28.113	0.000	20.458	9.489	106.660	0.000	0.000	0.000	0.000	0.000
15.000	55.000	41.000	1000.000	23.000	50.000	22.558	307.849	391.980	480.370	63.058	65.088	55.881	40.324	17.674	60.096	28.274	0.000	20.398	9.494	107.891	0.000	0.000	0.000	0.000	0.000
15.000	55.000	42.000	1000.000	23.000	50.000	22.590	307.526	391.424	479.676	63.055	65.058	55.890	40.324	17.677	60.040	27.873	0.000	20.457	9.430	104.838	0.000	0.000	0.000	0.000	0.000
15.000	55.000	43.000	1000.000	23.000	50.000	22.603	307.206	391.217	479.133	63.052	65.024	55.873	40.379	17.648	60.010	28.171	0.000	20.337	9.490	107.087	0.000	0.000	0.000	0.000	0.000
15.000	55.000	44.000	1000.000	23.000	50.000	22.605	306.879	391.006	478.488	63.051	64.992	55.857	40.413	17.646	60.006	28.269	0.000	20.192	9.550	107.833	0.000	0.000	0.000	0.000	0.000
15.000	55.000	45.000	1000.000	23.000	50.000	22.652	306.618	390.383	478.204	63.045	64.996	55.835	40.417	17.645	60.064	28.414	0.000	19.981	9.552	108.922	0.000	0.000	0.000	0.000	0.000
15.000	55.000	46.000	1000.000	23.000	50.000	22.712	306.575	390.099	477.554	63.095	64.870	55.858	40.433	17.652	60.091	28.155	0.000	20.042	9.491	106.922	0.000	0.000	0.000	0.000	0.000
15.000	55.000	47.000	1000.000	23.000	50.000	22.743	306.272	389.518	476.995	63.122	64.741	55.798	40.439	17.679	60.109	28.245	0.000	20.101	9.488	107.590	0.000	0.000	0.000	0.000	0.000
15.000	55.000	48.000	1000.000	23.000	50.000	22.757	306.261	389.203	476.642	63.129	64.709	55.767	40.420	17.649	60.100	28.022	0.000	20.219	9.491	105.893	0.000	0.000	0.000	0.000	0.000
15.000	55.000	49.000	1000.000	23.000	50.000	22.776	306.095	388.839	476.045	63.214	64.708	55.830	40.418	17.646	60.103	28.181	0.000	20.338	9.486	107.090	0.000	0.000	0.000	0.000	0.000
15.000	55.000	50.000	1000.000	23.000	50.000	22.791	305.982	388.246	475.708	63.361	64.723	55.892	40.353	17.614	60.166	28.161	0.000	20.397	9.487	106.931	0.000	0.000	0.000	0.000	0.000
15.000	55.000	51.000	1000.000	23.000	50.000	22.778	305.667	387.954	475.565	63.290	64.774	55.830	40.385	17.678	60.194	28.190	0.000	20.398	9.554	107.163	0.000	0.000	0.000	0.000	0.000
15.000	55.000	52.000	1000.000	23.000	50.000	22.775	305.358	387.629	475.419	63.302	64.928	55.799	40.418	17.709	60.225	28.224	0.000	20.187	9.490	107.423	0.000	0.000	0.000	0.000	0.000
15.000	55.000	53.000	1000.000	23.000	50.000	22.776	305.060	387.315	474.785	63.371	65.054	55.911	40.382	17.681	60.161	28.258	0.000	20.157	9.495	107.681	0.000	0.000	0.000	0.000	0.000
15.000	55.000	54.000	1000.000	23.000	50.000	22.759	304.731	387.025	474.520	63.449	65.025	55.894	40.386	17.707	60.129	28.182	0.000	20.159	9.492	107.106	0.000	0.000	0.000	0.000	0.000
15.000	55.000	55.000	1000.000	23.000	50.000	22.729	304.383	386.833	474.159	63.597	65.056	55.913	40.386	17.713	60.158	28.303	0.000	20.339	9.489	108.044	0.000	0.000	0.000	0.000	0.000
15.000	55.000	56.000	1000.000	23.000	50.000	22.712	304.110	386.628	473.853	63.677	64.995	55.904	40.353	17.710	60.198	28.186	0.000	20.280	9.487	107.154	0.000	0.000	0.000	0.000	0.000
15.000	55.000	57.000	1000.000	23.000	50.000	22.699	303.826	386.344	473.885	63.542	64.869	55.894	40.356	17.709	60.249	28.008	0.000	20.159	9.554	105.810	0.000	0.000	0.000	0.000	0.000
15.000	55.000	58.000	1000.000	23.000	50.000	22.699	303.743	386.066	473.296	63.520	64.807	55.892	40.355	17.710	60.258	28.410	0.000	20.042	9.553	108.869	0.000	0.000	0.000	0.000	0.000
15.000	55.000	59.000	1000.000	23.000	50.000	22.700	303.472	385.755	472.915	63.529	64.861	55.953	40.355	17.678	60.265	28.062	0.000	20.102	9.493	106.223	0.000	0.000	0.000	0.000	0.000
15.000	56.000	0.000	1000.000	23.000	50.000	22.697	303.506	385.436	472.639	63.526	64.818	55.888	40.385	17.679	60.294	28.404	0.000	20.087	9.550	108.823	0.000	0.000	0.000	0.000	0.000
15.000	56.000	1.000	1000.000	23.000	50.000	22.686	303.160	385.118	472.321	63.452	64.787	55.892	40.388	17.614	60.256	28.007	0.000	20.101	9.549	105.810	0.000	0.000	0.000	0.000	0.000
15.000	56.000	2.000	1000.000	23.000	50.000	22.677	302.885	384.815	472.035	63.525	64.775	55.952	40.371	17.614	60.253	28.294	0.000	19.982	9.552	107.993	0.000	0.000	0.000	0.000	0.000
15.000	56.000	3.000	1000.000	23.000	50.000	22.669	302.542	384.504	471.534	63.450	64.833	55.890	40.355	17.676	60.254	28.185	0.000	20.160	9.490	107.168	0.000	0.000	0.000	0.000	0.000
15.000	56.000	4.000	1000.000	23.000	50.000	22.651	302.214	384.203	471.354	63.523	64.865	55.829	40.354	17.707	60.252	28.225	0.000	20.220	9.495	107.480	0.000	0.000	0.000	0.000	0.000
15.000	56.000	5.000	1000.000	23.000	50.000	22.651	301.942	383.880	471.072	63.516	64.773	55.863	40.356	17.682	60.256	28.106	0.000	20.337	9.552	106.569	0.000	0.000	0.000	0.000	0.000
15.000	56.000	6.000	1000.000	23.000	50.000	22.638	301.663	383.618	470.777	63.604	64.773	55.919	40.353	17.702	60.189	28.321	0.000	20.397	9.549	108.214	0.000	0.000	0.000	0.000	0.000
15.000	56.000	7.000	1000.000	23.000	50.000	22.635	301.609	383.384	470.454	63.680	64.927	55.835	40.322	17.724	60.164	28.246	0.000	20.399	9.550	107.647	0.000	0.000	0.000	0.000	0.000
15.000	56.000	8.000	1000.000	23.000	50.000	22.637	301.277	383.218	470.109	63.823	64.839	55.850	40.321	17.744	60.193	28.391	0.000	20.397	9.553	108.752	0.000	0.000	0.000	0.000	0.000
15.000	56.000	9.000	1000.000	23.000	50.000	22.622	301.291	382.929	469.841	63.786	64.867	55.848	40.326	17.704	60.194	28.350	0.000	20.279	9.489	108.443	0.000	0.000	0.000	0.000	0.000
15.000	56.000	10.000	1000.000	23.000	50.000	22.573	301.000	382.609	469.778	63.746	65.068	55.797	40.353	17.739	60.215	28.049	0.000	20.278	9.491	106.170	0.000	0.000	0.000	0.000	0.000
15.000	56.000	11.000	1000.000	23.000	50.000	22.561	300.984	382.347	469.531	63.685	64.992	55.735	40.356	17.678	60.227	28.040	0.000	20.041	9.550	106.107	0.000	0.000	0.000	0.000	0.000
15.000	56.000	12.000	1000.000	23.000	50.000	22.558	300.688	381.990	469.193	63.602	64.975	55.893	40.354	17.708	60.227	28.119	0.000	20.042	9.550	106.708	0.000	0.000	0.000	0.000	0.000
15.000	56.000	13.000	1000.000	23.000	50.000	22.561	300.701	381.689	468.898	63.763	65.057	55.923	40.323	17.673	60.195	28.303	0.000	20.278	9.552	108.108	0.000	0.000	0.000	0.000	0.000
15.000	56.000	14.000	1000.000	23.000	50.000	22.557	300.695	381.373	468.584	63.603	65.182	55.889	40.321	17.705	60.224	28.353	0.000	20.218	9.551	108.491	0.000	0.000	0.000	0.000	0.000
15.000	56.000	15.000	1000.000	23.000	50.000	22.560	300.362	381.105	468.353	63.770	65.091	55.892	40.351	17.679	60.224	28.063	0.000	20.264	9.553	106.280	0.000	0.000	0.000	0.000	0.000
15.000	56.000	16.000	1000.000	23.000	50.000	22.559	300.309	380.751	468.189	63.837	64.930	55.927	40.412	17.677	60.160	28.251	0.000	20.340	9.550	107.712	0.000	0.000	0.000	0.000	0.000
15.000	56.000	17.000	1000.000	23.000	50.000	22.557	300.093	380.445	467.995	63.916	65.025	55.894	40.384	17.699	60.196	28.144	2.299	20.219	9.550	106.898	0.000	0.000	0.000	0.000	0.000
15.000	56.000	18.000	1000.000	23.000	50.000	22.558	299.745	380.431	467.714	64.076	65.085	55.799	40.412	17.698	60.200	27.951	2.299	20.219	9.550	105.436	0.000	0.000	0.000	0.000	0.000
15.000	56.000	19.000	1000.000	23.000	50.000	22.557	299.443	380.278	467.688	64.081	65.093	55.855	40.394	17.679	60.165	28.292	2.299	20.278	9.553	108.028	0.000	0.000	0.000	0.000	0.000
15.000	56.000	20.000	1000.000	23.000	50.000	22.574	299.463	380.101	467.417	64.150	65.059	55.785	40.388	17.711	60.224	28.106	2.299	20.279	9.616	106.602	0.000	0.000	0.000	0.000	0.000
15.000	56.000	21.000	1000.000	23.000	50.000	22.572	299.135	379.813	467.052	64.215	64.911	55.825	40.383	17.681	60.252	28.189	2.299	20.287	9.609	107.237	0.000	0.000	0.000	0.000	0.000
15.000	56.000	22.000	1000.000	23.000	50.000	22.557	299.155	379.511	466.724	64.236	64.829	55.891	40.354	17.646	60.227	28.344	2.299	20.338	9.677	108.422	0.000	0.000	0.000	0.000	0.000
15.000	56.000	23.000	1000.000	23.000	50.000	22.558	298.824	379.207	466.457	64.212	64.820	55.799	40.325	17.645	60.224	28.217	2.299	20.398	9.677	107.450	0.000	0.000	0.000	0.000	0.000
15.000	56.000	24.000	1000.000	23.000	50.000	22.558	298.811	378.869	466.142	64.166	64.868	55.890	40.324	17.644	60.223	28.246	2.299	20.516	9.618	107.672	0.000	0.000	0.000	0.000	0.000
15.000	56.000	25.000	1000.000	23.000	50.000	22.530	298.725	378.586	465.804	63.922	64.839	55.985	40.324	17.675	60.259	28.043	2.299	20.337	9.614	106.143	0.000	0.000	0.000	0.000	0.000
15.000	56.000	26.000	1000.000	23.000	50.000	22.526	298.532	378.254	465.492	63.833	64.962	56.017	40.323	17.648	60.220	28.204	2.299	20.396	9.552	107.367	0.000	0.000	0.000	0.000	0.000
15.000	56.000	27.000	1000.000	23.000	50.000	22.526	298.530	377.900	465.509	63.838	64.962	55.961	40.356	17.667	60.194	28.252	2.299	20.397	9.554	107.736	0.000	0.000	0.000	0.000	0.000
15.000	56.000	28.000	1000.000	23.000	50.000	22.528	298.205	377.936	465.494	63.957	64.909	55.969	40.355	17.674	60.173	28.186	2.299	20.278	9.551	107.226	0.000	0.000	0.000	0.000	0.000
15.000	56.000	29.000	1000.000	23.000	50.000	22.526	298.217	377.638	465.222	64.022	64.960	55.983	40.354	17.677	60.159	28.281	2.299	20.101	9.557	107.951	0.000	0.000	0.000	0.000	0.000
15.000	56.000	30.000	1000.000	23.000	50.000	22.543	298.200	377.321	464.848	64.094	64.996	55.984	40.353	17.676	60.161	28.140	2.299	20.101	9.554	106.873	0.000	0.000	0.000	0.000	0.000
15.000	56.000	31.000	1000.000	23.000	50.000	22.555	298.236	377.011	464.590	64.080	64.997	55.891	40.356	17.675	60.224	28.027	2.299	20.100	9.553	106.011	0.000	0.000	0.000	0.000	0.000
15.000	56.000	32.000	1000.000	23.000	50.000	22.554	298.217	377.014	464.262	64.000	65.058	55.859	40.352	17.646	60.224	28.211	2.299	19.915	9.495	107.411	0.000	0.000	0.000	0.000	0.000
15.000	56.000	33.000	1000.000	23.000	50.000	22.552	298.186	376.684	464.294	64.000	64.963	55.859	40.355	17.668	60.255	28.235	2.299	19.861	9.493	107.593	0.000	0.000	0.000	0.000	0.000
15.000	56.000	34.000	1000.000	23.000	50.000	22.540	298.243	376.685	463.960	64.003	64.992	55.828	40.356	17.686	60.255	28.183	2.299	19.961	9.492	107.203	0.000	0.000	0.000	0.000	0.000
15.000	56.000	35.000	1000.000	23.000	50.000	22.542	298.186	376.370	463.718	63.924	65.273	55.917	40.353	17.710	60.226	28.241	2.290	20.042	9.551	107.639	0.000	0.000	0.000	0.000	0.000
15.000	56.000	36.000	1000.000	23.000	50.000	22.526	298.197	376.130	463.619	63.841	65.308	55.866	40.354	17.645	60.255	28.273	2.290	20.102	9.552	107.890	0.000	0.000	0.000	0.000	0.000
15.000	56.000	37.000	1000.000	23.000	50.000	22.513	298.190	376.041	463.372	63.843	65.212	55.828	40.323	17.713	60.255	28.266	2.290	20.160	9.615	107.843	0.000	0.000	0.000	0.000	0.000
15.000	56.000	38.000	1000.000	23.000	50.000	22.510	298.214	375.762	463.315	63.766	65.179	55.888	40.356	17.707	60.252	27.943	2.290	20.219	9.618	105.391	0.000	0.000	0.000	0.000	0.000
15.000	56.000	39.000	1000.000	23.000	50.000	22.510	298.164	375.473	462.998	63.620	65.123	55.921	40.384	17.741	60.168	28.324	2.290	20.159	9.612	108.286	0.000	0.000	0.000	0.000	0.000
15.000	56.000	40.000	1000.000	23.000	50.000	22.479	298.229	375.488	462.993	63.609	65.056	55.972	40.385	17.706	60.165	28.256	2.290	20.162	9.550	107.781	0.000	0.000	0.000	0.000	0.000
15.000	56.000	41.000	1000.000	23.000	50.000	22.483	297.883	375.155	462.733	63.601	64.990	55.945	40.386	17.675	60.142	28.192	2.290	20.219	9.553	107.292	0.000	0.000	0.000	0.000	0.000
15.000	56.000	42.000	1000.000	23.000	50.000	22.480	297.903	374.854	462.427	63.613	64.932	55.928	40.385	17.675	60.137	28.265	2.290	20.219	9.552	107.849	0.000	0.000	0.000	0.000	0.000
15.000	56.000	43.000	1000.000	23.000	50.000	22.479	297.907	374.518	462.445	63.693	64.868	55.957	40.386	17.677	60.162	28.181	2.290	20.218	9.550	107.207	0.000	0.000	0.000	0.000	0.000
15.000	56.000	44.000	1000.000	23.000	50.000	22.464	297.588	374.196	462.150	63.687	64.961	55.860	40.388	17.677	60.230	28.093	2.290	20.338	9.613	106.551	0.000	0.000	0.000	0.000	0.000
15.000	56.000	45.000	1000.000	23.000	50.000	22.465	297.588	373.915	462.136	63.759	64.960	55.862	40.341	17.676	60.225	28.204	2.290	20.457	9.552	107.394	0.000	0.000	0.000	0.000	0.000
15.000	56.000	46.000	1000.000	23.000	50.000	22.462	297.260	373.896	461.792	63.838	64.901	55.924	40.342	17.677	60.226	28.340	2.290	20.457	9.552	108.432	0.000	0.000	0.000	0.000	0.000
15.000	56.000	47.000	1000.000	23.000	50.000	22.451	296.972	373.605	461.504	63.836	64.864	55.894	40.355	17.742	60.197	28.164	2.290	20.514	9.555	107.094	0.000	0.000	0.000	0.000	0.000
15.000	56.000	48.000	1000.000	23.000	50.000	22.449	296.760	373.326	461.527	63.760	64.992	55.925	40.352	17.711	60.167	28.181	2.290	20.400	9.551	107.224	0.000	0.000	0.000	0.000	0.000
15.000	56.000	49.000	1000.000	23.000	50.000	22.450	296.668	373.225	461.426	63.684	65.148	55.923	40.355	17.707	60.168	28.119	2.290	20.279	9.551	106.753	0.000	0.000	0.000	0.000	0.000
15.000	56.000	50.000	1000.000	23.000	50.000	22.466	296.324	373.290	461.203	63.605	65.033	55.983	40.356	17.675	60.133	28.095	2.290	20.218	9.613	106.558	0.000	0.000	0.000	0.000	0.000
15.000	56.000	51.000	1000.000	23.000	50.000	22.465	296.351	372.959	461.159	63.746	65.001	55.950	40.292	17.709	60.166	28.016	2.290	20.338	9.613	105.962	0.000	0.000	0.000	0.000	0.000
15.000	56.000	52.000	1000.000	23.000	50.000	22.469	296.034	372.675	460.843	63.818	65.007	55.894	40.289	17.709	60.192	28.295	2.290	20.279	9.600	108.086	0.000	0.000	0.000	0.000	0.000
15.000	56.000	53.000	1000.000	23.000	50.000	22.481	295.701	372.638	460.880	63.816	65.026	55.842	40.290	17.678	60.170	28.292	2.278	20.338	9.548	108.059	0.000	0.000	0.000	0.000	0.000
15.000	56.000	54.000	1000.000	23.000	50.000	22.480	295.379	372.339	460.548	63.756	64.961	55.859	40.290	17.676	60.160	28.212	2.278	20.131	9.550	107.444	0.000	0.000	0.000	0.000	0.000
15.000	56.000	55.000	1000.000	23.000	50.000	22.481	295.145	372.338	460.580	63.833	64.865	55.888	40.290	17.652	60.162	28.255	2.278	20.106	9.550	107.777	0.000	0.000	0.000	0.000	0.000
15.000	56.000	56.000	1000.000	23.000	50.000	22.480	295.092	372.034	460.561	64.074	65.058	55.830	40.293	17.662	60.165	28.346	2.278	19.982	9.615	108.468	0.000	0.000	0.000	0.000	0.000
15.000	56.000	57.000	1000.000	23.000	50.000	22.478	295.013	371.736	460.273	64.150	64.991	55.892	40.319	17.675	60.134	28.050	2.278	20.219	9.616	106.215	0.000	0.000	0.000	0.000	0.000
15.000	56.000	58.000	1000.000	23.000	50.000	22.493	294.777	371.362	460.245	64.156	65.054	55.923	40.358	17.646	60.130	28.304	2.278	20.278	9.612	108.140	0.000	0.000	0.000	0.000	0.000
15.000	56.000	59.000	1000.000	23.000	50.000	22.497	294.512	371.419	460.225	64.072	64.992	55.887	40.353	17.612	60.164	28.261	2.278	20.279	9.548	107.816	0.000	0.000	0.000	0.000	0.000
15.000	57.000	0.000	1000.000	23.000	50.000	22.479	294.474	371.201	459.938	64.147	64.932	55.892	40.354	17.678	60.129	28.272	2.278	20.281	9.525	107.902	0.000	0.000	0.000	0.000	0.000
15.000	57.000	1.000	1000.000	23.000	50.000	22.466	294.153	371.053	459.903	64.078	64.840	55.860	40.326	17.675	60.165	28.208	2.278	20.355	9.555	107.421	0.000	0.000	0.000	0.000	0.000
15.000	57.000	2.000	1000.000	23.000	50.000	22.465	293.888	370.797	459.928	64.152	64.781	55.796	40.295	17.676	60.192	28.290	2.278	20.339	9.617	108.048	0.000	0.000	0.000	0.000	0.000
15.000	57.000	3.000	1000.000	23.000	50.000	22.464	293.860	370.740	459.636	64.005	64.782	55.920	40.293	17.676	60.225	28.264	2.278	20.280	9.614	107.851	0.000	0.000	0.000	0.000	0.000
15.000	57.000	4.000	1000.000	23.000	50.000	22.463	293.547	370.491	459.310	63.939	64.807	55.861	40.291	17.648	60.200	28.199	2.278	20.219	9.613	107.352	0.000	0.000	0.000	0.000	0.000
15.000	57.000	5.000	1000.000	23.000	50.000	22.463	293.560	370.126	459.304	63.929	64.900	55.805	40.295	17.617	60.225	28.376	2.278	20.219	9.614	108.709	0.000	0.000	0.000	0.000	0.000
15.000	57.000	6.000	1000.000	23.000	50.000	22.454	293.557	370.128	458.993	64.005	64.991	55.837	40.292	17.663	60.226	28.305	2.278	20.159	9.616	108.168	0.000	0.000	0.000	0.000	0.000
15.000	57.000	7.000	1000.000	23.000	50.000	22.448	293.548	369.801	458.676	64.091	65.059	55.858	40.288	17.674	60.227	28.382	2.278	20.219	9.617	108.756	0.000	0.000	0.000	0.000	0.000
15.000	57.000	8.000	1000.000	23.000	50.000	22.464	293.224	369.862	458.708	64.076	64.966	55.858	40.324	17.687	60.198	28.320	2.278	20.162	9.611	108.280	0.000	0.000	0.000	0.000	0.000
15.000	57.000	9.000	1000.000	23.000	50.000	22.466	293.251	369.832	458.665	63.919	64.995	55.987	40.354	17.677	60.166	28.075	2.278	20.280	9.614	106.409	0.000	0.000	0.000	0.000	0.000
15.000	57.000	10.000	1000.000	23.000	50.000	22.463	293.233	369.549	458.401	63.919	65.057	55.955	40.383	17.678	60.226	28.155	2.278	20.340	9.551	107.021	0.000	0.000	0.000	0.000	0.000
15.000	57.000	11.000	1000.000	23.000	50.000	22.466	293.258	369.497	458.400	63.841	65.113	55.987	40.355	17.676	60.291	28.227	2.274	20.339	9.616	107.566	0.000	0.000	0.000	0.000	0.000
15.000	57.000	12.000	1000.000	23.000	50.000	22.464	293.247	369.513	458.145	63.845	65.001	56.020	40.289	17.647	60.256	28.166	2.274	20.278	9.553	107.103	0.000	0.000	0.000	0.000	0.000
15.000	57.000	13.000	1000.000	23.000	50.000	22.463	293.268	369.526	458.063	63.834	64.997	55.795	40.326	17.644	60.228	28.162	2.274	20.279	9.549	107.073	0.000	0.000	0.000	0.000	0.000
15.000	57.000	14.000	1000.000	23.000	50.000	22.464	293.029	369.185	457.921	63.916	65.055	55.921	40.353	17.680	60.256	28.195	2.274	20.219	9.611	107.327	0.000	0.000	0.000	0.000	0.000
15.000	57.000	15.000	1000.000	23.000	50.000	22.465	292.932	369.194	457.784	63.850	65.192	55.891	40.355	17.674	60.255	28.291	2.274	20.158	9.598	108.058	0.000	0.000	0.000	0.000	0.000
15.000	57.000	16.000	1000.000	23.000	50.000	22.463	292.913	369.199	457.765	63.736	65.153	55.920	40.350	17.647	60.232	28.092	2.274	20.042	9.536	106.542	0.000	0.000	0.000	0.000	0.000
15.000	57.000	17.000	1000.000	23.000	50.000	22.465	292.936	368.890	457.795	63.660	64.994	55.925	40.354	17.625	60.204	28.208	2.274	20.043	9.553	107.421	0.000	0.000	0.000	0.000	0.000
15.000	57.000	18.000	1000.000	23.000	50.000	22.464	292.619	368.609	457.463	63.610	65.054	55.922	40.356	17.613	60.197	28.263	2.274	20.041	9.487	107.844	0.000	0.000	0.000	0.000	0.000
15.000	57.000	19.000	1000.000	23.000	50.000	22.464	292.604	368.565	457.475	63.605	65.153	55.885	40.357	17.612	60.198	28.087	2.274	20.278	9.486	106.502	0.000	0.000	0.000	0.000	0.000
15.000	57.000	20.000	1000.000	23.000	50.000	22.467	292.628	368.596	457.466	63.521	65.154	55.805	40.353	17.613	60.197	28.393	2.274	20.159	9.552	108.836	0.000	0.000	0.000	0.000	0.000
15.000	57.000	21.000	1000.000	23.000	50.000	22.464	292.618	368.301	457.181	63.519	65.149	55.890	40.356	17.615	60.195	28.245	2.274	20.161	9.554	107.703	0.000	0.000	0.000	0.000	0.000
15.000	57.000	22.000	1000.000	23.000	50.000	22.465	292.281	368.255	457.152	63.446	65.211	55.957	40.355	17.616	60.196	28.252	2.274	20.159	9.556	107.761	0.000	0.000	0.000	0.000	0.000
15.000	57.000	23.000	1000.000	23.000	50.000	22.464	292.305	368.028	457.127	63.523	65.419	55.924	40.356	17.645	60.196	28.302	2.274	20.279	9.529	108.138	0.000	0.000	0.000	0.000	0.000
15.000	57.000	24.000	1000.000	23.000	50.000	22.465	292.312	367.943	456.824	63.595	65.459	55.893	40.389	17.613	60.166	28.212	2.274	20.142	9.549	107.448	0.000	0.000	0.000	0.000	0.000
15.000	57.000	25.000	1000.000	23.000	50.000	22.465	292.297	367.953	456.850	63.522	65.408	55.827	40.353	17.615	60.137	28.325	2.274	20.161	9.552	108.314	0.000	0.000	0.000	0.000	0.000
15.000	57.000	26.000	1000.000	23.000	50.000	22.479	292.308	367.968	456.878	63.525	65.211	55.920	40.355	17.619	60.161	28.087	2.274	20.160	9.553	106.497	0.000	0.000	0.000	0.000	0.000
15.000	57.000	27.000	1000.000	23.000	50.000	22.480	292.012	367.691	456.818	63.523	65.125	55.890	40.351	17.613	60.164	28.333	2.274	20.160	9.618	108.372	0.000	0.000	0.000	0.000	0.000
15.000	57.000	28.000	1000.000	23.000	50.000	22.479	292.006	367.333	456.843	63.474	65.087	55.888	40.357	17.630	60.222	28.239	2.274	20.161	9.615	107.649	0.000	0.000	0.000	0.000	0.000
15.000	57.000	29.000	1000.000	23.000	50.000	22.479	292.020	367.347	456.571	63.526	64.933	55.982	40.353	17.641	60.256	28.097	2.258	20.339	9.550	106.572	0.000	0.000	0.000	0.000	0.000
15.000	57.000	30.000	1000.000	23.000	50.000	22.482	291.683	367.344	456.547	63.592	64.932	55.959	40.385	17.645	60.255	28.058	2.258	20.515	9.552	106.277	0.000	0.000	0.000	0.000	0.000
15.000	57.000	31.000	1000.000	23.000	50.000	22.480	291.991	367.060	456.571	63.446	65.055	55.976	40.326	17.646	60.229	28.190	2.258	20.456	9.518	107.278	0.000	0.000	0.000	0.000	0.000
15.000	57.000	32.000	1000.000	23.000	50.000	22.496	292.319	367.068	456.565	63.361	65.088	55.973	40.323	17.646	60.191	28.204	2.258	20.514	9.491	107.380	0.000	0.000	0.000	0.000	0.000
15.000	57.000	33.000	1000.000	23.000	50.000	22.511	292.660	366.752	456.228	63.520	65.182	55.955	40.292	17.616	60.167	28.215	2.258	20.398	9.553	107.453	0.000	0.000	0.000	0.000	0.000
15.000	57.000	34.000	1000.000	23.000	50.000	22.517	293.228	366.721	456.214	63.370	65.184	56.015	40.323	17.614	60.227	28.330	2.258	20.281	9.549	108.332	0.000	0.000	0.000	0.000	0.000
15.000	57.000	35.000	1000.000	23.000	50.000	22.524	293.882	366.477	455.955	63.368	65.135	56.046	40.322	17.614	60.256	28.154	2.258	20.218	9.554	106.990	0.000	0.000	0.000	0.000	0.000
15.000	57.000	36.000	1000.000	23.000	50.000	22.526	294.488	366.386	455.651	63.442	65.110	56.020	40.343	17.617	60.286	28.210	2.258	20.219	9.488	107.412	0.000	0.000	0.000	0.000	0.000
15.000	57.000	37.000	1000.000	23.000	50.000	22.512	295.117	366.384	455.590	63.373	65.087	55.986	40.353	17.581	60.295	28.111	2.258	20.160	9.555	106.667	0.000	0.000	0.000	0.000	0.000
15.000	57.000	38.000	1000.000	23.000	50.000	22.525	296.066	366.101	455.034	63.514	65.119	56.016	40.357	17.585	60.262	28.071	2.258	20.221	9.613	106.354	0.000	0.000	0.000	0.000	0.000
15.000	57.000	39.000	1000.000	23.000	50.000	22.526	297.285	365.801	454.804	63.656	65.056	55.892	40.353	17.597	60.196	28.107	2.258	20.120	9.547	106.632	0.000	0.000	0.000	0.000	0.000
15.000	57.000	40.000	1000.000	23.000	50.000	22.540	297.945	366.388	454.672	63.741	64.964	55.986	40.354	17.617	60.169	28.088	2.258	20.278	9.549	106.479	0.000	0.000	0.000	0.000	0.000
15.000	57.000	41.000	1000.000	23.000	50.000	22.589	298.304	367.335	454.312	63.800	64.929	55.895	40.386	17.613	60.142	28.144	2.258	20.220	9.427	106.882	0.000	0.000	0.000	0.000	0.000
15.000	57.000	42.000	1000.000	23.000	50.000	22.620	299.430	369.507	454.102	63.837	65.277	55.975	40.387	17.705	60.133	28.020	2.258	20.282	9.428	105.930	0.000	0.000	0.000	0.000	0.000
15.000	57.000	43.000	1000.000	23.000	50.000	22.650	300.369	372.017	453.775	63.837	65.308	55.953	40.388	17.672	60.103	28.079	2.258	20.279	9.489	106.366	0.000	0.000	0.000	0.000	0.000
15.000	57.000	44.000	1000.000	23.000	50.000	22.652	301.608	375.086	453.445	63.765	65.341	55.887	40.323	17.708	60.135	28.341	2.258	20.101	9.489	108.366	0.000	0.000	0.000	0.000	0.000
15.000	57.000	45.000	1000.000	23.000	50.000	22.682	302.879	378.097	453.449	63.839	65.200	55.874	40.356	17.679	60.132	28.280	2.258	20.160	9.485	107.883	0.000	0.000	0.000	0.000	0.000
15.000	57.000	46.000	1000.000	23.000	50.000	22.715	304.079	381.156	454.040	63.847	65.067	55.891	40.353	17.707	60.166	28.126	2.258	20.102	9.552	106.700	0.000	0.000	0.000	0.000	0.000
15.000	57.000	47.000	1000.000	23.000	50.000	22.744	305.352	382.977	456.214	63.841	65.009	55.985	40.353	17.675	60.164	28.256	2.232	20.100	9.602	107.679	0.000	0.000	0.000	0.000	0.000
15.000	57.000	48.000	1000.000	23.000	50.000	22.743	306.278	385.074	459.255	63.923	64.895	55.955	40.415	17.679	60.194	27.998	2.232	20.168	9.616	105.715	0.000	0.000	0.000	0.000	0.000
15.000	57.000	49.000	1000.000	23.000	50.000	22.746	307.204	388.844	463.598	63.991	64.863	56.019	40.419	17.698	60.259	28.485	2.232	20.101	9.555	109.427	0.000	0.000	0.000	0.000	0.000
15.000	57.000	50.000	1000.000	23.000	50.000	22.775	307.532	392.625	468.426	64.142	64.837	56.047	40.386	17.700	60.252	28.170	2.232	20.338	9.547	107.007	0.000	0.000	0.000	0.000	0.000
15.000	57.000	51.000	1000.000	23.000	50.000	22.793	308.788	396.357	472.517	64.222	64.870	55.926	40.384	17.681	60.226	28.182	2.232	20.398	9.615	107.094	0.000	0.000	0.000	0.000	0.000
15.000	57.000	52.000	1000.000	23.000	50.000	22.806	310.000	400.089	474.124	64.171	65.055	55.893	40.386	17.709	60.191	28.267	2.232	20.279	9.554	107.735	0.000	0.000	0.000	0.000	0.000
15.000	57.000	53.000	1000.000	23.000	50.000	22.809	310.910	403.473	479.466	64.160	65.116	55.984	40.365	17.648	60.265	28.227	2.232	20.280	9.613	107.429	0.000	0.000	0.000	0.000	0.000
15.000	57.000	54.000	1000.000	23.000	50.000	22.821	312.183	407.528	484.991	64.163	65.151	55.894	40.359	17.644	60.321	28.142	2.232	20.053	9.553	106.781	0.000	0.000	0.000	0.000	0.000
15.000	57.000	55.000	1000.000	23.000	50.000	22.823	313.434	410.958	490.799	64.235	65.272	55.979	40.353	17.647	60.290	28.147	2.232	20.139	9.489	106.813	0.000	0.000	0.000	0.000	0.000
15.000	57.000	56.000	1000.000	23.000	50.000	22.839	314.345	414.684	496.663	64.230	65.278	56.014	40.350	17.644	60.317	28.323	2.232	20.278	9.551	108.153	0.000	0.000	0.000	0.000	0.000
15.000	57.000	57.000	1000.000	23.000	50.000	22.839	315.279	418.047	502.232	64.229	65.319	55.961	40.357	17.614	60.257	28.282	2.232	20.337	9.551	107.840	0.000	0.000	0.000	0.000	0.000
15.000	57.000	58.000	1000.000	23.000	50.000	22.841	316.362	421.067	507.809	64.154	65.329	55.919	40.355	17.614	60.251	28.079	2.232	20.338	9.551	106.292	0.000	0.000	0.000	0.000	0.000
15.000	57.000	59.000	1000.000	23.000	50.000	22.839	316.525	422.956	513.369	64.153	65.212	55.888	40.292	17.613	60.228	28.120	2.232	20.219	9.554	106.602	0.000	0.000	0.000	0.000	0.000
15.000	58.000	0.000	1000.000	23.000	50.000	22.821	317.421	425.007	518.588	64.078	64.987	55.892	40.355	17.635	60.163	28.147	2.232	20.218	9.608	106.818	0.000	0.000	0.000	0.000	0.000
15.000	58.000	1.000	1000.000	23.000	50.000	22.793	318.679	428.425	523.809	63.999	65.090	55.951	40.386	17.641	60.197	28.071	2.232	20.160	9.613	106.254	0.000	0.000	0.000	0.000	0.000
15.000	58.000	2.000	1000.000	23.000	50.000	22.792	319.615	431.888	528.672	64.072	64.964	55.860	40.385	17.612	60.225	28.048	2.232	20.126	9.552	106.079	0.000	0.000	0.000	0.000	0.000
15.000	58.000	3.000	1000.000	23.000	50.000	22.792	320.546	434.999	533.298	64.146	65.087	55.890	40.385	17.645	60.255	28.106	2.232	20.270	9.550	106.517	0.000	0.000	0.000	0.000	0.000
15.000	58.000	4.000	1000.000	23.000	50.000	22.760	321.780	438.433	535.845	64.149	65.121	55.891	40.387	17.580	60.256	28.272	2.232	20.219	9.493	107.795	0.000	0.000	0.000	0.000	0.000
15.000	58.000	5.000	1000.000	23.000	50.000	22.746	322.738	441.535	538.684	64.080	65.247	56.051	40.386	17.580	60.244	28.385	2.238	20.218	9.492	108.659	0.000	0.000	0.000	0.000	0.000
15.000	58.000	6.000	1000.000	23.000	50.000	22.746	323.663	444.666	543.294	63.914	65.125	55.984	40.358	17.613	60.221	28.382	2.238	20.161	9.488	108.641	0.000	0.000	0.000	0.000	0.000
15.000	58.000	7.000	1000.000	23.000	50.000	22.743	324.529	447.457	547.917	63.770	65.233	55.984	40.384	17.615	60.192	28.229	2.238	20.161	9.486	107.468	0.000	0.000	0.000	0.000	0.000
15.000	58.000	8.000	1000.000	23.000	50.000	22.729	324.665	450.241	552.299	63.849	65.209	55.958	40.383	17.616	60.164	28.210	2.238	20.160	9.551	107.328	0.000	0.000	0.000	0.000	0.000
15.000	58.000	9.000	1000.000	23.000	50.000	22.714	325.521	452.976	556.293	63.843	65.171	55.913	40.386	17.612	60.164	28.326	2.238	19.911	9.551	108.226	0.000	0.000	0.000	0.000	0.000
15.000	58.000	10.000	1000.000	23.000	50.000	22.682	326.426	455.600	560.284	63.845	65.060	55.874	40.387	17.641	60.166	28.381	2.238	19.862	9.554	108.656	0.000	0.000	0.000	0.000	0.000
15.000	58.000	11.000	1000.000	23.000	50.000	22.667	327.031	456.717	564.306	63.770	65.059	55.860	40.385	17.643	60.202	28.170	2.238	19.978	9.550	107.054	0.000	0.000	0.000	0.000	0.000
15.000	58.000	12.000	1000.000	23.000	50.000	22.668	327.985	458.707	567.983	63.848	65.027	55.893	40.384	17.645	60.192	28.372	2.238	20.101	9.614	108.593	0.000	0.000	0.000	0.000	0.000
15.000	58.000	13.000	1000.000	23.000	50.000	22.651	328.891	461.164	571.659	63.930	64.964	55.926	40.386	17.614	60.197	28.372	2.238	20.101	9.612	108.602	0.000	0.000	0.000	0.000	0.000
15.000	58.000	14.000	1000.000	23.000	50.000	22.636	329.520	463.668	575.385	64.073	64.839	55.891	40.418	17.618	60.168	28.080	2.238	20.219	9.618	106.378	0.000	0.000	0.000	0.000	0.000
15.000	58.000	15.000	1000.000	23.000	50.000	22.621	330.413	466.499	578.739	64.013	64.902	55.954	40.447	17.647	60.196	28.049	2.238	20.337	9.613	106.151	0.000	0.000	0.000	0.000	0.000
15.000	58.000	16.000	1000.000	23.000	50.000	22.612	331.241	468.966	581.689	63.889	65.022	55.955	40.418	17.646	60.217	28.455	2.238	20.338	9.550	109.253	0.000	0.000	0.000	0.000	0.000
15.000	58.000	17.000	1000.000	23.000	50.000	22.606	331.476	471.466	582.974	63.824	64.995	55.895	40.419	17.644	60.226	28.276	2.238	20.411	9.550	107.882	0.000	0.000	0.000	0.000	0.000
15.000	58.000	18.000	1000.000	23.000	50.000	22.588	332.018	473.640	585.340	63.681	64.965	55.920	40.387	17.643	60.224	28.154	2.238	20.495	9.616	106.965	0.000	0.000	0.000	0.000	0.000
15.000	58.000	19.000	1000.000	23.000	50.000	22.557	332.656	475.815	588.344	63.609	64.977	55.954	40.379	17.648	60.291	28.143	2.238	20.278	9.615	106.889	0.000	0.000	0.000	0.000	0.000
15.000	58.000	20.000	1000.000	23.000	50.000	22.559	333.287	478.015	591.477	63.763	64.990	55.897	40.355	17.646	60.285	28.308	2.238	20.218	9.612	108.151	0.000	0.000	0.000	0.000	0.000
15.000	58.000	21.000	1000.000	23.000	50.000	22.557	333.883	479.889	594.289	63.843	64.865	55.941	40.354	17.644	60.286	28.239	2.238	20.218	9.613	107.624	0.000	0.000	0.000	0.000	0.000
15.000	58.000	22.000	1000.000	23.000	50.000	22.558	334.480	481.900	596.707	63.764	64.967	55.933	40.326	17.633	60.255	28.220	2.238	20.101	9.616	107.474	0.000	0.000	0.000	0.000	0.000
15.000	58.000	23.000	1000.000	23.000	50.000	22.526	335.114	482.971	599.456	63.847	65.092	55.893	40.296	17.615	60.255	28.304	2.238	20.160	9.615	108.126	0.000	0.000	0.000	0.000	0.000
15.000	58.000	24.000	1000.000	23.000	50.000	22.508	335.719	483.906	601.957	63.925	64.961	55.924	40.351	17.583	60.262	28.233	2.246	20.099	9.609	107.592	0.000	0.000	0.000	0.000	0.000
15.000	58.000	25.000	1000.000	23.000	50.000	22.497	335.977	485.821	604.737	63.845	65.056	55.924	40.356	17.583	60.230	28.212	2.246	20.161	9.554	107.440	0.000	0.000	0.000	0.000	0.000
15.000	58.000	26.000	1000.000	23.000	50.000	22.493	336.379	487.988	607.187	64.005	65.090	55.924	40.338	17.579	60.197	28.197	2.246	20.267	9.548	107.329	0.000	0.000	0.000	0.000	0.000
15.000	58.000	27.000	1000.000	23.000	50.000	22.479	337.003	489.859	609.368	64.068	65.031	55.926	40.322	17.584	60.249	28.416	2.246	20.279	9.611	109.006	0.000	0.000	0.000	0.000	0.000
15.000	58.000	28.000	1000.000	23.000	50.000	22.481	337.621	491.408	611.844	63.998	65.027	55.922	40.320	17.613	60.275	28.121	2.246	20.102	9.615	106.753	0.000	0.000	0.000	0.000	0.000
15.000	58.000	29.000	1000.000	23.000	50.000	22.465	338.211	493.276	613.896	63.922	65.182	55.987	40.321	17.616	60.288	28.315	2.246	20.043	9.618	108.238	0.000	0.000	0.000	0.000	0.000
15.000	58.000	30.000	1000.000	23.000	50.000	22.452	338.854	494.853	615.912	63.850	65.175	55.861	40.295	17.613	60.314	28.336	2.246	20.161	9.553	108.405	0.000	0.000	0.000	0.000	0.000
15.000	58.000	31.000	1000.000	23.000	50.000	22.450	339.460	496.394	617.315	63.769	65.121	55.890	40.324	17.616	60.315	28.139	2.246	20.338	9.551	106.903	0.000	0.000	0.000	0.000	0.000
15.000	58.000	32.000	1000.000	23.000	50.000	22.465	339.758	497.945	618.277	63.772	65.180	55.861	40.296	17.589	60.252	28.391	2.246	20.215	9.614	108.823	0.000	0.000	0.000	0.000	0.000
15.000	58.000	33.000	1000.000	23.000	50.000	22.432	340.397	499.488	620.150	63.770	65.057	55.861	40.327	17.586	60.256	28.212	2.246	20.220	9.615	107.468	0.000	0.000	0.000	0.000	0.000
15.000	58.000	34.000	1000.000	23.000	50.000	22.436	340.813	500.707	622.001	63.926	65.026	55.846	40.323	17.585	60.255	28.197	2.246	20.281	9.617	107.353	0.000	0.000	0.000	0.000	0.000
15.000	58.000	35.000	1000.000	23.000	50.000	22.433	341.032	501.771	624.174	63.927	65.119	55.825	40.321	17.553	60.199	28.212	2.246	20.339	9.616	107.468	0.000	0.000	0.000	0.000	0.000
15.000	58.000	36.000	1000.000	23.000	50.000	22.433	341.637	502.309	626.062	63.921	64.962	55.863	40.264	17.552	60.190	28.126	2.246	20.397	9.488	106.810	0.000	0.000	0.000	0.000	0.000
15.000	58.000	37.000	1000.000	23.000	50.000	22.449	341.959	503.853	627.916	63.922	65.053	55.926	40.293	17.614	60.196	28.233	2.246	20.399	9.487	107.620	0.000	0.000	0.000	0.000	0.000
15.000	58.000	38.000	1000.000	23.000	50.000	22.449	342.548	505.460	629.800	63.992	64.969	55.893	40.291	17.615	60.161	27.982	2.246	20.458	9.490	105.713	0.000	0.000	0.000	0.000	0.000
15.000	58.000	39.000	1000.000	23.000	50.000	22.449	342.881	506.659	631.616	63.999	65.017	55.924	40.293	17.585	60.224	28.185	2.246	20.337	9.490	107.255	0.000	0.000	0.000	0.000	0.000
15.000	58.000	40.000	1000.000	23.000	50.000	22.448	343.464	508.215	633.136	64.002	65.075	55.829	40.293	17.644	60.240	28.193	2.246	20.339	9.553	107.318	0.000	0.000	0.000	0.000	0.000
15.000	58.000	41.000	1000.000	23.000	50.000	22.431	343.787	509.483	634.696	64.046	65.067	55.890	40.264	17.647	60.285	28.310	2.256	20.241	9.490	108.215	0.000	0.000	0.000	0.000	0.000
15.000	58.000	42.000	1000.000	23.000	50.000	22.432	344.396	510.727	636.244	64.087	65.027	55.892	40.275	17.586	60.344	28.380	2.256	20.218	9.551	108.749	0.000	0.000	0.000	0.000	0.000
15.000	58.000	43.000	1000.000	23.000	50.000	22.419	344.655	511.962	637.473	64.081	65.148	56.018	40.291	17.603	60.344	28.107	2.256	20.220	9.550	106.670	0.000	0.000	0.000	0.000	0.000
15.000	58.000	44.000	1000.000	23.000	50.000	22.418	344.759	512.915	638.822	64.089	65.309	55.988	40.288	17.612	60.374	28.459	2.256	20.280	9.554	109.363	0.000	0.000	0.000	0.000	0.000
15.000	58.000	45.000	1000.000	23.000	50.000	22.418	345.327	514.150	639.331	64.087	65.215	55.904	40.292	17.612	60.379	28.149	2.256	20.458	9.553	106.994	0.000	0.000	0.000	0.000	0.000
15.000	58.000	46.000	1000.000	23.000	50.000	22.417	345.648	515.354	640.603	64.161	65.150	55.851	40.289	17.615	60.353	28.274	2.256	20.514	9.612	107.943	0.000	0.000	0.000	0.000	0.000
15.000	58.000	47.000	1000.000	23.000	50.000	22.417	345.960	516.159	641.846	64.084	65.119	55.831	40.353	17.551	60.380	28.168	2.256	20.339	9.548	107.138	0.000	0.000	0.000	0.000	0.000
15.000	58.000	48.000	1000.000	23.000	50.000	22.419	346.264	516.586	643.095	64.002	64.930	55.838	40.325	17.582	60.352	28.287	2.256	20.221	9.549	108.044	0.000	0.000	0.000	0.000	0.000
15.000	58.000	49.000	1000.000	23.000	50.000	22.419	346.611	517.592	644.229	64.157	64.927	55.894	40.292	17.614	60.350	28.275	2.256	20.400	9.553	107.954	0.000	0.000	0.000	0.000	0.000
15.000	58.000	50.000	1000.000	23.000	50.000	22.418	346.854	518.524	645.538	64.221	64.933	55.865	40.324	17.674	60.349	28.228	2.256	20.219	9.491	107.590	0.000	0.000	0.000	0.000	0.000
15.000	58.000	51.000	1000.000	23.000	50.000	22.418	347.188	519.432	646.726	64.353	64.909	55.861	40.356	17.677	60.322	28.373	2.256	20.159	9.553	108.698	0.000	0.000	0.000	0.000	0.000
15.000	58.000	52.000	1000.000	23.000	50.000	22.418	347.489	520.384	647.665	64.366	64.911	55.955	40.355	17.678	60.260	28.144	2.256	20.279	9.613	106.956	0.000	0.000	0.000	0.000	0.000
15.000	58.000	53.000	1000.000	23.000	50.000	22.418	347.611	521.005	648.937	64.247	64.930	55.862	40.325	17.677	60.230	28.367	2.256	20.338	9.677	108.657	0.000	0.000	0.000	0.000	0.000
15.000	58.000	54.000	1000.000	23.000	50.000	22.418	347.825	521.943	650.133	64.246	64.962	55.957	40.322	17.660	60.227	28.372	2.256	20.458	9.614	108.694	0.000	0.000	0.000	0.000	0.000
15.000	58.000	55.000	1000.000	23.000	50.000	22.401	348.132	522.559	651.079	64.246	64.991	55.955	40.323	17.646	60.259	28.306	2.256	20.530	9.615	108.199	0.000	0.000	0.000	0.000	0.000
15.000	58.000	56.000	1000.000	23.000	50.000	22.418	348.414	523.502	651.993	64.157	65.059	55.924	40.289	17.646	60.293	28.156	2.256	20.534	9.591	107.042	0.000	0.000	0.000	0.000	0.000
15.000	58.000	57.000	1000.000	23.000	50.000	22.403	348.437	524.415	652.838	64.235	64.992	55.898	40.292	17.645	60.349	28.246	2.256	20.455	9.736	107.734	0.000	0.000	0.000	0.000	0.000
15.000	58.000	58.000	1000.000	23.000	50.000	22.416	348.762	525.112	653.388	64.167	64.962	55.920	40.289	17.650	60.350	28.174	2.256	20.220	9.679	107.184	0.000	0.000	0.000	0.000	0.000
15.000	58.000	59.000	1000.000	23.000	50.000	22.417	349.083	525.964	653.888	64.236	64.929	55.947	40.317	17.611	60.284	28.284	2.285	20.220	9.616	108.021	0.000	0.000	0.000	0.000	0.000
15.000	59.000	0.000	1000.000	23.000	50.000	22.405	349.417	526.477	654.768	64.239	65.020	55.896	40.326	17.610	60.259	28.136	2.285	20.159	9.616	106.894	0.000	0.000	0.000	0.000	0.000
15.000	59.000	1.000	1000.000	23.000	50.000	22.418	349.659	526.804	655.707	64.232	64.993	55.866	40.321	17.611	60.258	28.103	2.285	20.160	9.611	106.638	0.000	0.000	0.000	0.000	0.000
15.000	59.000	2.000	1000.000	23.000	50.000	22.432	349.877	527.264	656.267	64.175	64.941	55.926	40.258	17.646	60.286	27.982	2.285	20.222	9.617	105.718	0.000	0.000	0.000	0.000	0.000
15.000	59.000	3.000	1000.000	23.000	50.000	22.435	349.985	528.198	657.244	64.213	64.952	55.896	40.261	17.647	60.290	28.048	2.285	20.340	9.737	106.220	0.000	0.000	0.000	0.000	0.000
15.000	59.000	4.000	1000.000	23.000	50.000	22.465	350.328	528.809	658.149	64.232	64.997	55.922	40.291	17.621	60.266	28.285	2.285	20.285	9.743	108.006	0.000	0.000	0.000	0.000	0.000
15.000	59.000	5.000	1000.000	23.000	50.000	22.464	350.593	529.745	658.758	64.158	65.024	55.923	40.258	17.618	60.248	28.153	2.285	20.218	9.734	107.000	0.000	0.000	0.000	0.000	0.000
15.000	59.000	6.000	1000.000	23.000	50.000	22.464	350.937	530.673	659.715	64.087	64.991	55.864	40.227	17.610	60.229	28.127	2.285	20.218	9.675	106.804	0.000	0.000	0.000	0.000	0.000
15.000	59.000	7.000	1000.000	23.000	50.000	22.480	351.232	531.311	660.646	64.084	64.933	55.861	40.199	17.580	60.222	28.265	2.285	20.279	9.676	107.849	0.000	0.000	0.000	0.000	0.000
15.000	59.000	8.000	1000.000	23.000	50.000	22.480	351.516	532.257	661.261	64.231	64.776	55.919	40.197	17.616	60.194	28.157	2.285	20.219	9.674	107.024	0.000	0.000	0.000	0.000	0.000
15.000	59.000	9.000	1000.000	23.000	50.000	22.481	352.148	532.836	661.887	64.241	64.830	55.891	40.138	17.613	60.197	28.175	2.285	20.338	9.672	107.167	0.000	0.000	0.000	0.000	0.000
15.000	59.000	10.000	1000.000	23.000	50.000	22.496	352.454	533.469	662.488	64.238	65.083	55.895	40.137	17.587	60.220	28.135	2.285	20.338	9.676	106.853	0.000	0.000	0.000	0.000	0.000
15.000	59.000	11.000	1000.000	23.000	50.000	22.480	352.600	534.389	663.216	64.174	65.027	55.950	40.199	17.613	60.258	28.166	2.285	20.278	9.677	107.093	0.000	0.000	0.000	0.000	0.000
15.000	59.000	12.000	1000.000	23.000	50.000	22.493	352.817	535.002	663.645	64.164	65.140	55.979	40.199	17.619	60.225	28.311	2.285	20.220	9.739	108.198	0.000	0.000	0.000	0.000	0.000
15.000	59.000	13.000	1000.000	23.000	50.000	22.496	353.112	535.305	664.033	64.164	65.104	55.947	40.199	17.617	60.254	28.212	2.285	20.158	9.735	107.437	0.000	0.000	0.000	0.000	0.000
15.000	59.000	14.000	1000.000	23.000	50.000	22.480	353.062	535.767	664.347	64.235	65.031	55.892	40.196	17.643	60.323	28.335	2.285	20.159	9.801	108.382	0.000	0.000	0.000	0.000	0.000
15.000	59.000	15.000	1000.000	23.000	50.000	22.479	353.366	536.124	664.940	64.287	64.902	55.954	40.199	17.620	60.348	28.008	2.285	20.279	9.739	105.899	0.000	0.000	0.000	0.000	0.000
15.000	59.000	16.000	1000.000	23.000	50.000	22.479	353.702	536.566	665.600	64.317	65.152	55.989	40.181	17.615	60.348	28.368	2.285	20.279	9.798	108.641	0.000	0.000	0.000	0.000	0.000
15.000	59.000	17.000	1000.000	23.000	50.000	22.480	354.026	536.879	665.851	64.477	65.181	55.894	40.154	17.614	60.348	28.330	2.298	20.332	9.732	108.351	0.000	0.000	0.000	0.000	0.000
15.000	59.000	18.000	1000.000	23.000	50.000	22.479	354.317	537.534	666.511	64.478	65.279	55.951	40.138	17.612	60.352	28.185	2.298	20.397	9.674	107.240	0.000	0.000	0.000	0.000	0.000
15.000	59.000	19.000	1000.000	23.000	50.000	22.464	354.660	537.797	666.777	64.406	65.280	55.955	40.136	17.611	60.321	28.392	2.298	20.339	9.737	108.826	0.000	0.000	0.000	0.000	0.000
15.000	59.000	20.000	1000.000	23.000	50.000	22.465	354.778	538.436	667.460	64.243	65.246	55.988	40.138	17.584	60.320	28.163	2.298	20.338	9.796	107.077	0.000	0.000	0.000	0.000	0.000
15.000	59.000	22.000	1000.000	23.000	50.000	22.448	354.995	539.090	668.067	64.090	65.339	55.957	40.132	17.583	60.350	28.192	2.298	20.399	9.797	107.304	0.000	0.000	0.000	0.000	0.000
15.000	59.000	23.000	1000.000	23.000	50.000	22.450	355.236	539.391	668.692	64.010	65.098	55.863	40.135	17.583	60.288	28.225	2.298	20.041	9.737	107.559	0.000	0.000	0.000	0.000	0.000
15.000	59.000	24.000	1000.000	23.000	50.000	22.447	355.560	540.052	669.255	64.009	64.972	55.946	40.136	17.549	60.350	28.209	2.298	20.159	9.802	107.434	0.000	0.000	0.000	0.000	0.000
15.000	59.000	25.000	1000.000	23.000	50.000	22.448	355.589	540.675	669.570	64.086	64.887	55.898	40.073	17.550	60.264	28.317	2.298	20.219	9.796	108.263	0.000	0.000	0.000	0.000	0.000
15.000	59.000	26.000	1000.000	23.000	50.000	22.450	355.894	540.948	670.202	63.948	64.894	55.909	40.167	17.581	60.320	28.208	2.298	20.219	9.800	107.428	0.000	0.000	0.000	0.000	0.000
15.000	59.000	27.000	1000.000	23.000	50.000	22.436	356.202	541.555	670.456	63.918	64.963	55.924	40.201	17.558	60.323	28.381	2.298	20.235	9.738	108.757	0.000	0.000	0.000	0.000	0.000
15.000	59.000	28.000	1000.000	23.000	50.000	22.433	356.497	541.820	670.616	63.923	65.056	55.924	40.138	17.550	60.351	28.353	2.298	20.100	9.740	108.539	0.000	0.000	0.000	0.000	0.000
15.000	59.000	29.000	1000.000	23.000	50.000	22.416	356.517	541.914	670.802	63.917	64.958	55.957	40.166	17.546	60.346	28.173	2.298	20.219	9.737	107.177	0.000	0.000	0.000	0.000	0.000
15.000	59.000	30.000	1000.000	23.000	50.000	22.417	356.783	542.231	671.458	63.764	64.897	55.893	40.136	17.552	60.336	28.232	2.298	20.338	9.802	107.623	0.000	0.000	0.000	0.000	0.000
15.000	59.000	31.000	1000.000	23.000	50.000	22.386	356.815	542.828	671.738	63.701	64.867	55.831	40.134	17.585	60.318	28.315	2.298	20.280	9.801	108.274	0.000	0.000	0.000	0.000	0.000
15.000	59.000	32.000	1000.000	23.000	50.000	22.387	356.799	543.108	672.100	63.693	64.962	55.889	40.105	17.547	60.289	28.318	2.298	20.218	9.804	108.296	0.000	0.000	0.000	0.000	0.000
15.000	59.000	33.000	1000.000	23.000	50.000	22.388	357.121	543.792	672.356	63.778	64.930	55.829	40.105	17.583	60.257	28.308	2.298	20.219	9.736	108.214	0.000	0.000	0.000	0.000	0.000
15.000	59.000	34.000	1000.000	23.000	50.000	22.370	357.461	544.072	672.705	63.772	64.929	55.922	40.090	17.551	60.255	28.283	2.298	20.278	9.736	108.028	0.000	0.000	0.000	0.000	0.000
15.000	59.000	35.000	1000.000	23.000	50.000	22.387	358.044	544.699	672.957	63.696	64.871	55.924	40.075	17.551	60.261	28.413	2.298	20.279	9.851	109.023	0.000	0.000	0.000	0.000	0.000
15.000	59.000	36.000	1000.000	23.000	50.000	22.370	358.355	545.030	673.300	63.605	64.866	55.864	40.105	17.552	60.260	28.263	2.295	20.158	9.798	107.879	0.000	0.000	0.000	0.000	0.000
15.000	59.000	37.000	1000.000	23.000	50.000	22.369	358.395	545.327	673.648	63.614	64.889	55.800	40.133	17.547	60.230	28.312	2.295	20.279	9.803	108.253	0.000	0.000	0.000	0.000	0.000
15.000	59.000	38.000	1000.000	23.000	50.000	22.370	358.678	545.655	673.949	63.613	64.961	55.796	40.104	17.571	60.257	28.128	2.295	20.282	9.803	106.848	0.000	0.000	0.000	0.000	0.000
15.000	59.000	39.000	1000.000	23.000	50.000	22.387	358.711	545.932	673.945	63.562	65.088	55.796	40.105	17.579	60.284	28.222	2.295	20.220	9.804	107.557	0.000	0.000	0.000	0.000	0.000
15.000	59.000	40.000	1000.000	23.000	50.000	22.387	358.835	546.256	674.226	63.487	64.930	55.799	40.167	17.553	60.377	28.205	2.295	20.219	9.863	107.428	0.000	0.000	0.000	0.000	0.000
15.000	59.000	41.000	1000.000	23.000	50.000	22.401	358.977	546.248	674.400	63.488	64.807	55.764	40.166	17.551	60.376	28.196	2.295	20.180	9.799	107.355	0.000	0.000	0.000	0.000	0.000
15.000	59.000	42.000	1000.000	23.000	50.000	22.402	358.973	546.263	674.575	63.606	64.806	55.829	40.102	17.581	60.372	28.244	2.295	20.161	9.863	107.718	0.000	0.000	0.000	0.000	0.000
15.000	59.000	43.000	1000.000	23.000	50.000	22.402	359.331	546.574	674.846	63.695	64.803	55.861	40.038	17.549	60.348	28.288	2.295	20.100	9.802	108.056	0.000	0.000	0.000	0.000	0.000
15.000	59.000	44.000	1000.000	23.000	50.000	22.403	359.265	546.886	675.112	63.688	64.867	55.831	40.039	17.585	60.378	28.118	2.295	20.101	9.798	106.760	0.000	0.000	0.000	0.000	0.000
15.000	59.000	45.000	1000.000	23.000	50.000	22.417	359.617	547.201	675.510	63.690	64.958	55.862	40.037	17.583	60.388	28.345	2.295	20.160	9.863	108.489	0.000	0.000	0.000	0.000	0.000
15.000	59.000	46.000	1000.000	23.000	50.000	22.420	359.613	547.547	675.816	63.688	64.931	55.859	40.070	17.613	60.380	28.131	2.295	20.044	9.865	106.855	0.000	0.000	0.000	0.000	0.000
15.000	59.000	47.000	1000.000	23.000	50.000	22.417	359.908	548.085	676.342	63.685	65.371	55.832	40.073	17.612	60.315	28.244	2.295	20.278	9.867	107.717	0.000	0.000	0.000	0.000	0.000
15.000	59.000	48.000	1000.000	23.000	50.000	22.431	359.935	548.211	676.579	63.691	65.182	55.859	40.037	17.617	60.323	28.226	2.295	20.401	9.863	107.571	0.000	0.000	0.000	0.000	0.000
15.000	59.000	49.000	1000.000	23.000	50.000	22.433	359.916	548.486	676.674	63.849	65.090	55.956	40.012	17.617	60.321	28.244	2.295	20.400	9.799	107.707	0.000	0.000	0.000	0.000	0.000
15.000	59.000	50.000	1000.000	23.000	50.000	22.432	359.875	548.746	677.005	63.914	65.089	55.954	40.011	17.615	60.380	28.395	2.295	20.454	9.804	108.865	0.000	0.000	0.000	0.000	0.000
15.000	59.000	51.000	1000.000	23.000	50.000	22.434	360.170	549.059	677.310	64.015	64.990	55.892	40.010	17.607	60.382	28.266	2.295	20.399	9.782	107.875	0.000	0.000	0.000	0.000	0.000
15.000	59.000	52.000	1000.000	23.000	50.000	22.433	360.250	549.083	677.247	64.011	65.118	55.836	40.009	17.606	60.375	28.076	2.295	20.458	9.800	106.427	0.000	0.000	0.000	0.000	0.000
15.000	59.000	53.000	1000.000	23.000	50.000	22.434	360.199	549.425	677.642	64.079	65.026	55.778	40.011	17.580	60.345	28.258	2.295	20.218	9.802	107.819	0.000	0.000	0.000	0.000	0.000
15.000	59.000	54.000	1000.000	23.000	50.000	22.432	360.228	549.688	677.920	64.014	65.146	55.821	40.009	17.617	60.318	28.429	0.000	20.280	9.864	109.123	0.000	0.000	0.000	0.000	0.000
15.000	59.000	55.000	1000.000	23.000	50.000	22.430	360.555	550.010	677.925	63.951	65.214	55.832	40.009	17.586	60.257	28.212	0.000	20.279	9.863	107.465	0.000	0.000	0.000	0.000	0.000
15.000	59.000	56.000	1000.000	23.000	50.000	22.433	360.533	550.269	678.198	63.911	65.305	55.824	40.010	17.554	60.241	28.363	0.000	20.161	9.864	108.615	0.000	0.000	0.000	0.000	0.000
15.000	59.000	57.000	1000.000	23.000	50.000	22.427	360.841	550.306	678.239	63.844	65.374	55.829	40.009	17.615	60.233	28.252	0.000	20.130	9.863	107.774	0.000	0.000	0.000	0.000	0.000
15.000	59.000	58.000	1000.000	23.000	50.000	22.418	360.862	550.600	678.555	63.690	65.120	55.827	40.008	17.614	60.262	28.328	0.000	20.161	9.800	108.356	0.000	0.000	0.000	0.000	0.000
15.000	59.000	59.000	1000.000	23.000	50.000	22.417	360.851	550.859	678.852	63.456	65.088	55.862	39.970	17.583	60.355	28.116	0.000	20.161	9.800	106.744	0.000	0.000	0.000	0.000	0.000
16.000	0.000	0.000	1000.000	23.000	50.000	22.418	361.173	550.923	678.871	63.373	65.121	55.828	39.914	17.614	60.282	28.214	0.000	20.161	9.864	107.486	0.000	0.000	0.000	0.000	0.000
16.000	0.000	1.000	1000.000	23.000	50.000	22.434	361.160	550.939	679.065	63.380	65.147	55.922	39.978	17.613	60.263	28.195	0.000	20.154	9.906	107.335	0.000	0.000	0.000	0.000	0.000
16.000	0.000	2.000	1000.000	23.000	50.000	22.419	361.394	551.235	679.175	63.374	65.101	55.863	39.977	17.614	60.289	28.150	0.000	20.160	9.967	107.000	0.000	0.000	0.000	0.000	0.000
16.000	0.000	3.000	1000.000	23.000	50.000	22.418	361.498	551.268	679.448	63.223	65.059	55.864	39.947	17.591	60.252	28.115	0.000	20.279	9.969	106.733	0.000	0.000	0.000	0.000	0.000
16.000	0.000	4.000	1000.000	23.000	50.000	22.435	361.460	551.578	679.506	63.305	64.993	55.861	39.979	17.600	60.258	28.197	0.000	20.338	9.907	107.353	0.000	0.000	0.000	0.000	0.000
16.000	0.000	5.000	1000.000	23.000	50.000	22.418	361.486	551.870	679.789	63.285	64.963	55.922	39.946	17.614	60.254	28.269	0.000	20.459	9.863	107.904	0.000	0.000	0.000	0.000	0.000
