16.000	0.000	6.000	1000.000	23.000	50.000	22.419	361.463	551.877	680.102	63.375	64.958	55.891	39.980	17.557	60.318	28.331	0.000	20.405	9.863	108.381	0.000	0.000	0.000	0.000	0.000
16.000	0.000	7.000	1000.000	23.000	50.000	22.404	361.454	552.218	680.050	63.228	64.993	55.862	39.980	17.619	60.375	28.180	0.000	20.347	9.834	107.236	0.000	0.000	0.000	0.000	0.000
16.000	0.000	8.000	1000.000	23.000	50.000	22.402	361.758	552.204	680.129	63.145	64.928	55.803	40.006	17.586	60.379	28.161	0.000	20.339	9.801	107.091	0.000	0.000	0.000	0.000	0.000
16.000	0.000	9.000	1000.000	23.000	50.000	22.399	361.777	552.516	680.343	63.178	64.994	55.847	39.978	17.552	60.376	28.341	0.000	20.514	9.800	108.462	0.000	0.000	0.000	0.000	0.000
16.000	0.000	10.000	1000.000	23.000	50.000	22.402	361.777	552.488	680.395	63.218	65.058	55.860	39.978	17.553	60.383	28.270	0.000	20.457	9.800	107.921	0.000	0.000	0.000	0.000	0.000
16.000	0.000	11.000	1000.000	23.000	50.000	22.400	361.790	552.488	680.460	63.219	65.035	55.862	39.982	17.548	60.376	28.266	0.000	20.397	9.866	107.892	0.000	0.000	0.000	0.000	0.000
16.000	0.000	12.000	1000.000	23.000	50.000	22.387	362.101	552.808	680.719	63.297	64.979	55.858	39.977	17.553	60.347	28.246	0.000	20.280	9.862	107.741	0.000	0.000	0.000	0.000	0.000
16.000	0.000	13.000	1000.000	23.000	50.000	22.385	362.076	552.828	680.743	63.293	64.930	55.830	39.973	17.552	60.350	28.348	0.000	20.308	9.864	108.521	0.000	0.000	0.000	0.000	0.000
16.000	0.000	14.000	1000.000	23.000	50.000	22.387	362.391	553.141	680.726	63.224	64.865	55.924	39.979	17.552	60.379	28.238	0.000	20.339	9.882	107.680	0.000	0.000	0.000	0.000	0.000
16.000	0.000	15.000	1000.000	23.000	50.000	22.385	362.407	553.127	681.029	63.142	65.058	55.828	39.919	17.551	60.388	28.379	0.000	20.279	9.907	108.760	0.000	0.000	0.000	0.000	0.000
16.000	0.000	16.000	1000.000	23.000	50.000	22.376	362.724	553.455	681.324	63.220	65.212	55.893	39.948	17.610	60.318	28.316	0.000	20.337	9.907	108.281	0.000	0.000	0.000	0.000	0.000
16.000	0.000	17.000	1000.000	23.000	50.000	22.369	363.014	553.765	681.289	63.367	65.310	55.922	39.912	17.582	60.260	28.114	0.000	20.338	9.905	106.748	0.000	0.000	0.000	0.000	0.000
16.000	0.000	18.000	1000.000	23.000	50.000	22.371	362.965	554.048	681.662	63.526	65.372	55.891	39.915	17.549	60.256	28.104	0.000	20.444	9.904	106.665	0.000	0.000	0.000	0.000	0.000
16.000	0.000	19.000	1000.000	23.000	50.000	22.371	363.267	554.063	681.984	63.730	65.279	55.831	39.915	17.584	60.342	28.003	0.000	20.457	9.865	105.898	0.000	0.000	0.000	0.000	0.000
16.000	0.000	20.000	1000.000	23.000	50.000	22.370	363.328	554.373	681.887	63.768	65.186	55.860	39.884	17.582	60.372	28.176	0.000	20.458	9.863	107.212	0.000	0.000	0.000	0.000	0.000
16.000	0.000	21.000	1000.000	23.000	50.000	22.372	363.347	554.715	682.274	63.768	65.149	55.859	39.883	17.553	60.384	28.215	0.000	20.514	9.860	107.511	0.000	0.000	0.000	0.000	0.000
16.000	0.000	22.000	1000.000	23.000	50.000	22.371	363.293	554.699	682.297	63.622	65.181	55.867	39.885	17.608	60.386	28.104	0.000	20.515	9.800	106.667	0.000	0.000	0.000	0.000	0.000
16.000	0.000	23.000	1000.000	23.000	50.000	22.355	363.309	554.977	682.582	63.620	65.133	55.891	39.884	17.584	60.408	28.034	0.000	20.456	9.863	106.140	0.000	0.000	0.000	0.000	0.000
16.000	0.000	24.000	1000.000	23.000	50.000	22.357	363.335	555.043	682.579	63.607	65.118	55.892	39.883	17.559	60.374	28.228	0.000	20.443	9.901	107.616	0.000	0.000	0.000	0.000	0.000
16.000	0.000	25.000	1000.000	23.000	50.000	22.371	363.346	555.030	682.569	63.773	65.121	55.862	39.884	17.553	60.382	28.086	0.000	20.241	9.904	106.531	0.000	0.000	0.000	0.000	0.000
16.000	0.000	26.000	1000.000	23.000	50.000	22.373	363.322	555.003	682.904	63.837	65.277	55.828	39.880	17.556	60.377	28.247	0.000	20.399	9.906	107.756	0.000	0.000	0.000	0.000	0.000
16.000	0.000	27.000	1000.000	23.000	50.000	22.386	363.334	555.319	682.908	63.926	65.181	55.829	39.882	17.584	60.414	28.230	0.000	20.457	9.861	107.620	0.000	0.000	0.000	0.000	0.000
16.000	0.000	28.000	1000.000	23.000	50.000	22.400	363.640	555.276	682.861	64.009	65.276	55.861	39.912	17.553	60.443	28.160	0.000	20.338	9.862	107.081	0.000	0.000	0.000	0.000	0.000
16.000	0.000	29.000	1000.000	23.000	50.000	22.404	363.626	555.334	682.878	63.860	65.433	55.895	39.892	17.518	60.379	28.385	0.000	20.279	9.906	108.801	0.000	0.000	0.000	0.000	0.000
16.000	0.000	30.000	1000.000	23.000	50.000	22.416	363.669	555.651	682.905	63.784	65.343	55.829	39.882	17.549	60.318	28.278	0.000	20.221	9.969	107.973	0.000	0.000	0.000	0.000	0.000
16.000	0.000	31.000	1000.000	23.000	50.000	22.416	363.648	555.640	683.195	63.827	65.403	55.859	39.882	17.550	60.316	28.243	0.000	20.281	9.971	107.704	0.000	0.000	0.000	0.000	0.000
16.000	0.000	32.000	1000.000	23.000	50.000	22.432	363.950	555.943	683.212	63.854	65.281	55.892	39.876	17.554	60.318	28.236	0.000	20.240	9.970	107.648	0.000	0.000	0.000	0.000	0.000
16.000	0.000	33.000	1000.000	23.000	50.000	22.450	363.945	555.961	683.153	63.838	65.216	55.843	39.850	17.553	60.318	28.314	0.000	20.278	9.966	108.235	0.000	0.000	0.000	0.000	0.000
16.000	0.000	34.000	1000.000	23.000	50.000	22.432	364.262	556.240	683.463	63.607	65.128	55.793	39.847	17.521	60.341	28.286	0.000	20.338	9.909	108.029	0.000	0.000	0.000	0.000	0.000
16.000	0.000	35.000	1000.000	23.000	50.000	22.449	364.564	556.271	683.472	63.686	65.057	55.776	39.856	17.521	60.351	28.290	0.000	20.398	9.862	108.053	0.000	0.000	0.000	0.000	0.000
16.000	0.000	36.000	1000.000	23.000	50.000	22.448	364.563	556.569	683.498	63.688	65.038	55.859	39.855	17.537	60.352	28.418	0.000	20.219	9.860	109.037	0.000	0.000	0.000	0.000	0.000
16.000	0.000	37.000	1000.000	23.000	50.000	22.463	364.880	556.560	683.450	63.619	65.210	55.830	39.851	17.547	60.290	28.268	0.000	20.279	9.801	107.880	0.000	0.000	0.000	0.000	0.000
16.000	0.000	38.000	1000.000	23.000	50.000	22.449	364.915	556.751	683.806	63.618	65.248	55.921	39.884	17.520	60.290	28.028	0.000	20.079	9.868	106.062	0.000	0.000	0.000	0.000	0.000
16.000	0.000	39.000	1000.000	23.000	50.000	22.449	365.306	556.862	683.810	63.689	65.279	56.017	39.885	17.580	60.348	28.346	0.000	20.089	9.861	108.479	0.000	0.000	0.000	0.000	0.000
16.000	0.000	40.000	1000.000	23.000	50.000	22.460	366.693	556.878	683.763	63.529	65.184	55.893	39.884	17.582	60.384	28.384	0.000	20.161	9.895	108.766	0.000	0.000	0.000	0.000	0.000
16.000	0.000	41.000	1000.000	23.000	50.000	22.465	368.962	556.856	683.488	63.379	64.956	55.890	39.883	17.612	60.352	28.203	0.000	20.218	9.910	107.387	0.000	0.000	0.000	0.000	0.000
16.000	0.000	42.000	1000.000	23.000	50.000	22.482	371.057	556.586	683.478	63.299	64.934	55.859	39.885	17.610	60.381	28.219	0.000	20.279	9.905	107.497	0.000	0.000	0.000	0.000	0.000
16.000	0.000	43.000	1000.000	23.000	50.000	22.497	372.950	556.568	683.324	63.171	64.961	55.858	39.882	17.644	60.377	28.315	0.000	20.219	9.903	108.222	0.000	0.000	0.000	0.000	0.000
16.000	0.000	44.000	1000.000	23.000	50.000	22.513	374.163	556.209	683.221	63.140	64.961	55.831	39.916	17.612	60.347	28.125	0.000	20.218	9.972	106.773	0.000	0.000	0.000	0.000	0.000
16.000	0.000	45.000	1000.000	23.000	50.000	22.511	375.458	556.224	682.629	63.209	65.085	55.761	39.884	17.614	60.350	28.165	0.000	20.400	9.975	107.080	0.000	0.000	0.000	0.000	0.000
16.000	0.000	46.000	1000.000	23.000	50.000	22.511	376.368	555.951	682.527	63.267	65.110	55.763	39.882	17.615	60.294	28.227	0.000	20.160	10.026	107.548	0.000	0.000	0.000	0.000	0.000
16.000	0.000	47.000	1000.000	23.000	50.000	22.525	376.971	556.282	682.219	63.367	65.141	55.767	39.884	17.593	60.255	28.252	0.000	20.219	10.038	107.736	0.000	0.000	0.000	0.000	0.000
16.000	0.000	48.000	1000.000	23.000	50.000	22.544	377.863	557.182	681.668	63.533	65.185	55.740	39.907	17.580	60.224	28.201	0.000	20.219	9.966	107.333	0.000	0.000	0.000	0.000	0.000
16.000	0.000	49.000	1000.000	23.000	50.000	22.573	378.127	559.026	681.042	63.612	65.026	55.766	39.912	17.584	60.168	28.086	0.000	20.280	10.032	106.450	0.000	0.000	0.000	0.000	0.000
16.000	0.000	50.000	1000.000	23.000	50.000	22.577	378.552	560.619	680.421	63.771	64.964	55.856	39.909	17.581	60.195	28.249	0.000	20.338	10.036	107.692	0.000	0.000	0.000	0.000	0.000
16.000	0.000	51.000	1000.000	23.000	50.000	22.620	379.142	561.878	679.797	63.765	65.056	55.830	39.881	17.582	60.225	28.191	0.000	20.295	9.967	107.230	0.000	0.000	0.000	0.000	0.000
16.000	0.000	52.000	1000.000	23.000	50.000	22.636	379.794	562.200	678.888	63.770	65.148	55.827	39.915	17.615	60.316	28.213	0.000	20.340	9.971	107.391	0.000	0.000	0.000	0.000	0.000
16.000	0.000	53.000	1000.000	23.000	50.000	22.683	380.386	561.959	677.977	63.689	65.057	55.768	39.882	17.614	60.348	28.065	0.000	20.278	9.966	106.249	0.000	0.000	0.000	0.000	0.000
16.000	0.000	54.000	1000.000	23.000	50.000	22.710	380.716	561.871	677.017	63.691	64.929	55.766	39.853	17.615	60.379	28.101	0.000	20.278	9.972	106.507	0.000	0.000	0.000	0.000	0.000
16.000	0.000	55.000	1000.000	23.000	50.000	22.713	381.018	561.589	675.831	63.905	65.085	55.864	39.851	17.611	60.349	28.252	0.000	20.220	9.909	107.658	0.000	0.000	0.000	0.000	0.000
16.000	0.000	56.000	1000.000	23.000	50.000	22.747	381.628	560.624	674.332	64.056	65.088	55.825	39.853	17.613	60.345	28.156	0.000	20.279	9.970	106.917	0.000	0.000	0.000	0.000	0.000
16.000	0.000	57.000	1000.000	23.000	50.000	22.776	381.919	559.671	672.785	64.191	65.138	55.859	39.823	17.613	60.375	28.135	0.000	20.338	9.968	106.740	0.000	0.000	0.000	0.000	0.000
16.000	0.000	58.000	1000.000	23.000	50.000	22.808	382.166	558.462	672.024	64.266	65.114	55.948	39.848	17.615	60.380	28.140	0.000	20.219	9.971	106.769	0.000	0.000	0.000	0.000	0.000
16.000	0.000	59.000	1000.000	23.000	50.000	22.815	382.261	557.184	669.651	64.312	65.024	55.927	39.820	17.614	60.385	28.352	0.000	20.160	9.911	108.382	0.000	0.000	0.000	0.000	0.000
16.000	1.000	0.000	1000.000	23.000	50.000	22.824	382.566	556.237	666.878	64.480	65.341	55.844	39.821	17.584	60.407	28.309	0.000	20.102	9.905	108.046	0.000	0.000	0.000	0.000	0.000
16.000	1.000	1.000	1000.000	23.000	50.000	22.840	382.860	555.046	664.366	64.542	65.210	55.873	39.820	17.550	60.379	28.292	0.000	20.160	9.972	107.912	0.000	0.000	0.000	0.000	0.000
16.000	1.000	2.000	1000.000	23.000	50.000	22.855	383.483	553.770	661.593	64.556	65.341	55.889	39.758	17.583	60.346	28.393	0.000	20.158	10.030	108.679	0.000	0.000	0.000	0.000	0.000
16.000	1.000	3.000	1000.000	23.000	50.000	22.824	383.836	552.562	658.796	64.551	65.214	55.858	39.815	17.581	60.342	28.231	0.000	20.218	10.031	107.452	0.000	0.000	0.000	0.000	0.000
16.000	1.000	4.000	1000.000	23.000	50.000	22.825	384.113	551.259	656.036	64.630	65.121	55.858	39.825	17.614	60.351	28.267	0.000	20.101	9.973	107.728	0.000	0.000	0.000	0.000	0.000
16.000	1.000	5.000	1000.000	23.000	50.000	22.824	384.734	550.125	653.571	64.791	65.338	55.764	39.821	17.582	60.383	28.226	0.000	20.160	10.032	107.415	0.000	0.000	0.000	0.000	0.000
16.000	1.000	6.000	1000.000	23.000	50.000	22.792	385.058	549.406	650.788	64.935	65.437	55.827	39.780	17.583	60.379	28.271	0.000	20.269	10.031	107.773	0.000	0.000	0.000	0.000	0.000
16.000	1.000	7.000	1000.000	23.000	50.000	22.793	385.346	548.773	648.040	65.012	65.349	55.766	39.776	17.615	60.383	28.251	0.000	20.160	10.035	107.617	0.000	0.000	0.000	0.000	0.000
16.000	1.000	8.000	1000.000	23.000	50.000	22.792	385.632	547.841	645.556	65.161	65.289	55.861	39.820	17.616	60.377	28.352	0.000	20.282	10.030	108.390	0.000	0.000	0.000	0.000	0.000
16.000	1.000	9.000	1000.000	23.000	50.000	22.793	385.962	546.914	643.140	65.243	65.280	55.800	39.854	17.584	60.321	28.259	0.000	20.218	10.034	107.681	0.000	0.000	0.000	0.000	0.000
16.000	1.000	10.000	1000.000	23.000	50.000	22.808	386.291	545.976	641.063	65.260	65.278	55.765	39.854	17.552	60.291	28.072	0.000	20.099	9.971	106.254	0.000	0.000	0.000	0.000	0.000
16.000	1.000	11.000	1000.000	23.000	50.000	22.822	386.890	545.077	639.397	65.259	65.154	55.763	39.852	17.614	60.286	28.269	0.000	20.280	9.909	107.747	0.000	0.000	0.000	0.000	0.000
16.000	1.000	12.000	1000.000	23.000	50.000	22.807	387.200	544.089	636.616	65.267	65.089	55.766	39.820	17.585	60.345	28.281	0.000	20.218	9.971	107.843	0.000	0.000	0.000	0.000	0.000
16.000	1.000	13.000	1000.000	23.000	50.000	22.798	387.531	543.195	636.284	65.419	65.150	55.836	39.822	17.551	60.346	28.251	0.000	20.218	9.904	107.613	0.000	0.000	0.000	0.000	0.000
16.000	1.000	14.000	1000.000	23.000	50.000	22.792	388.169	542.225	634.112	65.417	65.152	55.853	39.790	17.582	60.370	28.235	0.000	20.337	9.905	107.494	0.000	0.000	0.000	0.000	0.000
16.000	1.000	15.000	1000.000	23.000	50.000	22.776	388.504	541.276	632.261	65.336	65.245	55.823	39.790	17.617	60.376	28.163	0.000	20.357	9.974	106.953	0.000	0.000	0.000	0.000	0.000
16.000	1.000	16.000	1000.000	23.000	50.000	22.744	388.753	540.670	630.078	65.096	65.216	55.925	39.851	17.583	60.347	28.084	0.000	20.398	10.034	106.366	0.000	0.000	0.000	0.000	0.000
16.000	1.000	17.000	1000.000	23.000	50.000	22.729	388.980	539.790	628.240	65.189	65.246	55.955	39.854	17.583	60.280	28.296	0.000	20.399	9.964	107.987	0.000	0.000	0.000	0.000	0.000
16.000	1.000	18.000	1000.000	23.000	50.000	22.729	389.098	539.210	626.419	65.175	65.304	55.923	39.853	17.583	60.292	28.184	0.000	20.278	10.031	107.132	0.000	0.000	0.000	0.000	0.000
16.000	1.000	19.000	1000.000	23.000	50.000	22.712	389.683	539.040	624.537	65.254	65.470	55.831	39.852	17.583	60.252	28.254	0.000	20.397	10.032	107.675	0.000	0.000	0.000	0.000	0.000
16.000	1.000	20.000	1000.000	23.000	50.000	22.715	390.013	538.494	623.014	65.398	65.510	55.859	39.852	17.584	60.318	28.166	0.000	20.338	9.969	106.999	0.000	0.000	0.000	0.000	0.000
16.000	1.000	21.000	1000.000	23.000	50.000	22.697	390.303	537.571	621.141	65.468	65.400	55.892	39.855	17.584	60.343	28.226	0.000	20.104	9.967	107.468	0.000	0.000	0.000	0.000	0.000
16.000	1.000	22.000	1000.000	23.000	50.000	22.684	390.633	536.948	619.571	65.508	65.310	55.893	39.823	17.554	60.351	28.343	0.000	20.160	9.969	108.363	0.000	0.000	0.000	0.000	0.000
16.000	1.000	23.000	1000.000	23.000	50.000	22.681	391.248	536.276	618.034	65.573	65.243	55.832	39.792	17.553	60.357	28.216	0.000	20.221	10.031	107.398	0.000	0.000	0.000	0.000	0.000
16.000	1.000	24.000	1000.000	23.000	50.000	22.683	391.607	535.685	616.893	65.649	65.083	55.715	39.792	17.585	60.373	28.343	0.000	20.397	10.035	108.367	0.000	0.000	0.000	0.000	0.000
16.000	1.000	25.000	1000.000	23.000	50.000	22.652	391.882	535.064	615.594	65.811	65.182	55.878	39.822	17.584	60.381	28.225	0.000	20.397	10.032	107.473	0.000	0.000	0.000	0.000	0.000
16.000	1.000	26.000	1000.000	23.000	50.000	22.605	392.084	534.716	615.090	65.891	65.339	55.909	39.760	17.580	60.377	28.142	0.000	20.400	9.969	106.862	0.000	0.000	0.000	0.000	0.000
16.000	1.000	27.000	1000.000	23.000	50.000	22.593	392.272	534.131	614.024	65.886	65.185	55.891	39.757	17.582	60.441	28.135	0.000	20.458	9.968	106.819	0.000	0.000	0.000	0.000	0.000
16.000	1.000	28.000	1000.000	23.000	50.000	22.591	392.831	533.839	612.820	65.800	65.184	55.892	39.789	17.556	60.439	28.341	0.000	20.458	9.968	108.390	0.000	0.000	0.000	0.000	0.000
16.000	1.000	29.000	1000.000	23.000	50.000	22.573	393.115	533.181	611.281	65.962	65.353	55.924	39.821	17.581	60.412	27.966	0.000	20.339	9.970	105.543	0.000	0.000	0.000	0.000	0.000
16.000	1.000	30.000	1000.000	23.000	50.000	22.558	393.393	532.908	610.064	66.038	65.217	55.920	39.793	17.561	60.345	28.138	0.000	20.339	9.967	106.850	0.000	0.000	0.000	0.000	0.000
16.000	1.000	31.000	1000.000	23.000	50.000	22.543	393.753	532.692	608.769	65.971	65.181	55.923	39.724	17.560	60.316	28.189	0.000	20.161	9.968	107.247	0.000	0.000	0.000	0.000	0.000
16.000	1.000	32.000	1000.000	23.000	50.000	22.544	394.054	532.601	607.837	66.104	65.405	55.923	39.726	17.584	60.285	28.347	0.000	20.158	9.900	108.451	0.000	0.000	0.000	0.000	0.000
16.000	1.000	33.000	1000.000	23.000	50.000	22.543	394.651	532.234	606.663	66.174	65.340	55.862	39.726	17.554	60.261	28.145	0.000	20.042	9.905	106.914	0.000	0.000	0.000	0.000	0.000
16.000	1.000	34.000	1000.000	23.000	50.000	22.527	394.985	531.948	605.675	66.249	65.246	55.831	39.757	17.553	60.231	28.254	0.000	20.158	9.970	107.747	0.000	0.000	0.000	0.000	0.000
16.000	1.000	35.000	1000.000	23.000	50.000	22.510	395.263	531.648	604.753	66.408	65.436	55.827	39.723	17.583	60.220	27.940	0.000	20.341	9.900	105.368	0.000	0.000	0.000	0.000	0.000
16.000	1.000	36.000	1000.000	23.000	50.000	22.480	395.377	531.309	603.562	66.443	65.435	55.832	39.792	17.618	60.221	28.115	0.000	20.456	9.905	106.708	0.000	0.000	0.000	0.000	0.000
16.000	1.000	37.000	1000.000	23.000	50.000	22.478	395.620	531.340	602.585	66.521	65.370	55.915	39.819	17.615	60.260	28.346	0.000	20.347	9.972	108.470	0.000	0.000	0.000	0.000	0.000
16.000	1.000	38.000	1000.000	23.000	50.000	22.480	396.239	530.955	602.017	66.593	65.310	55.967	39.851	17.577	60.320	28.080	0.000	20.279	9.904	106.444	0.000	0.000	0.000	0.000	0.000
16.000	1.000	39.000	1000.000	23.000	50.000	22.479	396.533	530.990	601.539	66.353	65.274	55.959	39.779	17.580	60.373	28.048	0.000	20.278	9.965	106.199	0.000	0.000	0.000	0.000	0.000
16.000	1.000	40.000	1000.000	23.000	50.000	22.463	397.159	531.013	601.121	66.274	65.276	55.964	39.742	17.583	60.380	28.127	0.000	20.279	9.970	106.806	0.000	0.000	0.000	0.000	0.000
16.000	1.000	41.000	1000.000	23.000	50.000	22.465	397.490	530.662	600.155	66.444	65.351	55.863	39.724	17.579	60.381	28.273	0.000	20.220	10.033	107.916	0.000	0.000	0.000	0.000	0.000
16.000	1.000	42.000	1000.000	23.000	50.000	22.465	397.816	530.693	599.215	66.442	65.394	55.891	39.693	17.582	60.316	28.077	0.000	20.279	9.968	106.424	0.000	0.000	0.000	0.000	0.000
16.000	1.000	43.000	1000.000	23.000	50.000	22.449	398.421	530.661	598.585	66.593	65.433	55.925	39.694	17.579	60.318	28.116	0.000	20.279	10.032	106.729	0.000	0.000	0.000	0.000	0.000
16.000	1.000	44.000	1000.000	23.000	50.000	22.447	398.714	530.411	597.634	66.602	65.497	55.922	39.792	17.582	60.351	28.217	0.000	20.188	10.030	107.501	0.000	0.000	0.000	0.000	0.000
16.000	1.000	45.000	1000.000	23.000	50.000	22.464	399.287	530.401	597.092	66.534	65.182	55.893	39.818	17.553	60.316	28.276	0.000	20.160	10.034	107.943	0.000	0.000	0.000	0.000	0.000
16.000	1.000	46.000	1000.000	23.000	50.000	22.463	399.422	530.389	596.461	66.563	65.149	55.955	39.852	17.584	60.325	27.997	0.000	20.043	10.030	105.822	0.000	0.000	0.000	0.000	0.000
16.000	1.000	47.000	1000.000	23.000	50.000	22.463	399.661	530.345	595.519	66.587	65.150	55.958	39.791	17.583	60.326	28.198	0.000	20.102	10.028	107.344	0.000	0.000	0.000	0.000	0.000
16.000	1.000	48.000	1000.000	23.000	50.000	22.450	399.985	530.078	594.883	66.438	65.151	55.950	39.795	17.583	60.333	28.165	0.000	20.279	10.034	107.099	0.000	0.000	0.000	0.000	0.000
16.000	1.000	49.000	1000.000	23.000	50.000	22.450	400.270	530.063	594.236	66.357	65.214	55.837	39.790	17.584	60.380	28.203	0.000	20.219	10.032	107.387	0.000	0.000	0.000	0.000	0.000
16.000	1.000	50.000	1000.000	23.000	50.000	22.432	400.582	529.764	593.329	66.357	65.242	55.800	39.723	17.552	60.387	28.223	0.000	20.159	10.030	107.551	0.000	0.000	0.000	0.000	0.000
16.000	1.000	51.000	1000.000	23.000	50.000	22.439	400.870	529.772	593.048	66.433	65.277	55.817	39.698	17.550	60.356	28.010	0.000	20.220	9.968	105.930	0.000	0.000	0.000	0.000	0.000
16.000	1.000	52.000	1000.000	23.000	50.000	22.448	401.205	529.796	592.513	66.360	65.277	55.814	39.724	17.548	60.414	28.158	0.000	20.281	9.968	107.050	0.000	0.000	0.000	0.000	0.000
16.000	1.000	53.000	1000.000	23.000	50.000	22.448	401.502	529.756	592.261	66.278	65.295	55.822	39.726	17.538	60.415	28.292	0.000	20.398	10.030	108.073	0.000	0.000	0.000	0.000	0.000
16.000	1.000	54.000	1000.000	23.000	50.000	22.479	401.815	529.760	591.781	66.364	65.310	55.891	39.699	17.522	60.378	28.214	0.000	20.338	10.034	107.461	0.000	0.000	0.000	0.000	0.000
16.000	1.000	55.000	1000.000	23.000	50.000	22.465	402.043	529.773	591.158	66.366	65.283	55.826	39.695	17.552	60.381	28.201	0.000	20.397	10.095	107.368	0.000	0.000	0.000	0.000	0.000
16.000	1.000	56.000	1000.000	23.000	50.000	22.473	402.330	529.766	590.859	66.280	65.181	55.828	39.692	17.524	60.379	28.146	0.000	20.397	10.094	106.949	0.000	0.000	0.000	0.000	0.000
16.000	1.000	57.000	1000.000	23.000	50.000	22.480	402.438	529.452	590.238	66.345	65.308	55.920	39.694	17.551	60.355	28.241	0.000	20.320	10.091	107.668	0.000	0.000	0.000	0.000	0.000
16.000	1.000	58.000	1000.000	23.000	50.000	22.478	403.048	529.433	589.944	66.414	65.150	55.859	39.714	17.521	60.302	28.310	0.000	20.115	10.029	108.191	0.000	0.000	0.000	0.000	0.000
16.000	1.000	59.000	1000.000	23.000	50.000	22.466	403.329	529.422	589.320	66.519	65.089	55.895	39.726	17.552	60.290	28.176	0.000	20.103	10.032	107.181	0.000	0.000	0.000	0.000	0.000
16.000	2.000	0.000	1000.000	23.000	50.000	22.477	403.660	529.446	589.055	66.594	65.151	55.891	39.730	17.519	60.281	28.317	0.000	20.160	10.090	108.251	0.000	0.000	0.000	0.000	0.000
16.000	2.000	1.000	1000.000	23.000	50.000	22.482	403.948	529.447	588.755	66.594	65.276	55.890	39.698	17.580	60.262	28.303	0.000	20.280	10.092	108.138	0.000	0.000	0.000	0.000	0.000
16.000	2.000	2.000	1000.000	23.000	50.000	22.465	404.582	529.765	588.081	66.665	65.214	55.894	39.691	17.586	60.255	28.131	0.000	20.279	10.033	106.836	0.000	0.000	0.000	0.000	0.000
16.000	2.000	3.000	1000.000	23.000	50.000	22.465	404.892	529.799	587.742	66.747	65.080	55.891	39.665	17.584	60.227	28.234	0.000	20.219	10.026	107.623	0.000	0.000	0.000	0.000	0.000
16.000	2.000	4.000	1000.000	23.000	50.000	22.479	405.178	529.758	587.494	66.741	65.039	55.916	39.636	17.582	60.258	28.140	0.000	20.341	10.092	106.900	0.000	0.000	0.000	0.000	0.000
16.000	2.000	5.000	1000.000	23.000	50.000	22.480	405.439	530.102	587.202	66.679	65.027	55.920	39.633	17.581	60.258	28.164	0.000	20.459	10.094	107.083	0.000	0.000	0.000	0.000	0.000
16.000	2.000	6.000	1000.000	23.000	50.000	22.479	405.554	530.090	586.918	66.667	65.151	55.922	39.664	17.581	60.291	28.206	0.000	20.458	10.091	107.398	0.000	0.000	0.000	0.000	0.000
16.000	2.000	7.000	1000.000	23.000	50.000	22.449	406.140	530.052	586.642	66.755	65.153	55.922	39.729	17.523	60.256	28.174	0.000	20.221	10.152	107.167	0.000	0.000	0.000	0.000	0.000
16.000	2.000	8.000	1000.000	23.000	50.000	22.434	406.460	530.372	586.408	66.748	65.433	55.888	39.728	17.550	60.319	28.104	0.000	20.220	10.153	106.639	0.000	0.000	0.000	0.000	0.000
16.000	2.000	9.000	1000.000	23.000	50.000	22.432	406.796	530.362	586.244	66.752	65.470	55.924	39.697	17.547	60.319	28.290	0.000	20.279	10.159	108.061	0.000	0.000	0.000	0.000	0.000
16.000	2.000	10.000	1000.000	23.000	50.000	22.433	407.376	530.389	585.956	66.712	65.530	55.862	39.694	17.548	60.285	28.177	0.000	20.162	10.150	107.201	0.000	0.000	0.000	0.000	0.000
16.000	2.000	11.000	1000.000	23.000	50.000	22.430	407.676	530.723	585.590	66.677	65.343	55.921	39.694	17.551	60.253	28.279	0.000	20.191	10.157	107.979	0.000	0.000	0.000	0.000	0.000
16.000	2.000	12.000	1000.000	23.000	50.000	22.448	408.010	530.689	585.355	66.613	65.342	55.923	39.722	17.548	60.279	28.228	0.000	20.396	10.158	107.582	0.000	0.000	0.000	0.000	0.000
16.000	2.000	13.000	1000.000	23.000	50.000	22.481	408.317	530.688	585.019	66.442	65.212	55.954	39.752	17.553	60.288	28.205	0.000	20.399	10.152	107.394	0.000	0.000	0.000	0.000	0.000
16.000	2.000	14.000	1000.000	23.000	50.000	22.480	408.641	530.717	584.717	66.444	65.160	55.864	39.738	17.524	60.323	28.362	0.000	20.281	10.095	108.591	0.000	0.000	0.000	0.000	0.000
16.000	2.000	15.000	1000.000	23.000	50.000	22.480	409.125	530.680	584.675	66.435	65.151	55.951	39.718	17.525	60.288	28.326	0.000	20.339	10.032	108.316	0.000	0.000	0.000	0.000	0.000
16.000	2.000	16.000	1000.000	23.000	50.000	22.481	409.254	530.683	584.324	66.435	65.133	55.951	39.696	17.525	60.285	28.154	0.000	20.221	10.027	107.003	0.000	0.000	0.000	0.000	0.000
16.000	2.000	17.000	1000.000	23.000	50.000	22.481	409.572	531.033	584.099	66.514	65.088	55.873	39.698	17.549	60.197	28.410	0.000	20.160	10.092	108.959	0.000	0.000	0.000	0.000	0.000
16.000	2.000	18.000	1000.000	23.000	50.000	22.481	409.870	531.018	584.100	66.521	65.086	55.916	39.728	17.614	60.228	28.042	0.000	20.159	10.089	106.151	0.000	0.000	0.000	0.000	0.000
16.000	2.000	19.000	1000.000	23.000	50.000	22.465	410.187	531.321	583.734	66.361	65.154	55.915	39.728	17.616	60.260	28.408	0.000	20.160	10.027	108.952	0.000	0.000	0.000	0.000	0.000
16.000	2.000	20.000	1000.000	23.000	50.000	22.465	410.461	531.341	583.538	66.430	65.059	55.859	39.700	17.611	60.258	28.281	0.000	20.281	9.967	107.975	0.000	0.000	0.000	0.000	0.000
16.000	2.000	21.000	1000.000	23.000	50.000	22.466	410.833	531.665	583.502	66.497	65.055	55.863	39.725	17.584	60.254	28.288	0.000	20.458	9.999	108.034	0.000	0.000	0.000	0.000	0.000
16.000	2.000	22.000	1000.000	23.000	50.000	22.463	411.105	531.630	583.479	66.522	65.056	55.858	39.699	17.581	60.223	28.160	0.000	20.337	10.029	107.056	0.000	0.000	0.000	0.000	0.000
16.000	2.000	23.000	1000.000	23.000	50.000	22.464	411.744	531.939	583.146	66.529	65.025	55.954	39.724	17.583	60.257	28.158	0.000	20.399	10.034	107.042	0.000	0.000	0.000	0.000	0.000
16.000	2.000	24.000	1000.000	23.000	50.000	22.465	412.046	531.957	582.852	66.598	65.055	55.859	39.693	17.553	60.273	28.208	0.000	20.399	9.966	107.418	0.000	0.000	0.000	0.000	0.000
16.000	2.000	25.000	1000.000	23.000	50.000	22.465	412.190	531.959	582.535	66.525	64.968	55.893	39.696	17.577	60.292	28.309	0.000	20.340	10.030	108.190	0.000	0.000	0.000	0.000	0.000
16.000	2.000	26.000	1000.000	23.000	50.000	22.478	412.346	531.956	582.529	66.516	65.186	55.923	39.665	17.572	60.285	28.040	0.000	20.080	10.032	106.138	0.000	0.000	0.000	0.000	0.000
16.000	2.000	27.000	1000.000	23.000	50.000	22.479	412.690	531.981	582.237	66.516	65.292	55.890	39.664	17.549	60.289	28.067	0.000	20.148	10.093	106.341	0.000	0.000	0.000	0.000	0.000
16.000	2.000	28.000	1000.000	23.000	50.000	22.482	412.951	532.251	581.884	66.514	65.372	55.924	39.725	17.549	60.258	28.214	0.000	20.220	10.091	107.463	0.000	0.000	0.000	0.000	0.000
16.000	2.000	29.000	1000.000	23.000	50.000	22.478	413.269	532.305	581.939	66.668	65.341	55.836	39.760	17.521	60.256	28.316	0.000	20.222	10.089	108.239	0.000	0.000	0.000	0.000	0.000
16.000	2.000	30.000	1000.000	23.000	50.000	22.481	413.561	532.265	581.932	66.753	65.342	55.856	39.785	17.519	60.288	28.171	0.000	20.161	10.031	107.130	0.000	0.000	0.000	0.000	0.000
16.000	2.000	31.000	1000.000	23.000	50.000	22.479	413.581	532.579	581.930	66.748	65.400	55.858	39.792	17.549	60.282	28.051	0.000	20.043	10.034	106.221	0.000	0.000	0.000	0.000	0.000
16.000	2.000	32.000	1000.000	23.000	50.000	22.481	414.200	532.595	581.608	66.611	65.246	55.832	39.772	17.554	60.285	28.210	0.000	19.983	10.029	107.428	0.000	0.000	0.000	0.000	0.000
16.000	2.000	33.000	1000.000	23.000	50.000	22.494	414.524	532.595	581.590	66.533	65.058	55.864	39.744	17.551	60.258	28.179	0.000	20.068	10.091	107.191	0.000	0.000	0.000	0.000	0.000
16.000	2.000	34.000	1000.000	23.000	50.000	22.496	414.792	532.526	581.668	66.567	65.123	55.920	39.724	17.519	60.317	28.117	0.000	20.221	10.031	106.715	0.000	0.000	0.000	0.000	0.000
16.000	2.000	35.000	1000.000	23.000	50.000	22.513	414.824	532.919	581.627	66.591	64.994	55.859	39.730	17.521	60.322	28.104	0.000	20.102	10.028	106.611	0.000	0.000	0.000	0.000	0.000
16.000	2.000	36.000	1000.000	23.000	50.000	22.527	414.860	532.918	581.320	66.600	64.962	55.826	39.726	17.520	60.322	28.037	0.000	20.220	10.030	106.099	0.000	0.000	0.000	0.000	0.000
16.000	2.000	37.000	1000.000	23.000	50.000	22.527	415.162	532.898	581.290	66.596	65.036	55.925	39.728	17.520	60.313	28.286	0.000	20.162	10.035	107.991	0.000	0.000	0.000	0.000	0.000
16.000	2.000	38.000	1000.000	23.000	50.000	22.529	415.454	533.083	580.996	66.758	65.095	55.930	39.729	17.523	60.313	28.228	0.000	20.219	10.091	107.551	0.000	0.000	0.000	0.000	0.000
16.000	2.000	39.000	1000.000	23.000	50.000	22.528	415.821	533.205	581.039	66.743	65.181	55.889	39.727	17.522	60.322	28.252	0.000	20.280	10.096	107.732	0.000	0.000	0.000	0.000	0.000
16.000	2.000	40.000	1000.000	23.000	50.000	22.526	416.124	533.213	580.674	66.834	65.155	55.955	39.726	17.523	60.318	28.319	0.000	20.257	10.154	108.243	0.000	0.000	0.000	0.000	0.000
16.000	2.000	41.000	1000.000	23.000	50.000	22.527	416.398	533.200	580.698	66.907	65.182	55.865	39.791	17.586	60.256	28.170	0.000	20.116	10.218	107.108	0.000	0.000	0.000	0.000	0.000
16.000	2.000	42.000	1000.000	23.000	50.000	22.510	416.709	533.195	580.729	66.914	65.311	55.837	39.791	17.614	60.259	28.314	0.000	20.161	10.150	108.210	0.000	0.000	0.000	0.000	0.000
16.000	2.000	43.000	1000.000	23.000	50.000	22.503	416.706	533.169	580.331	66.909	65.243	55.870	39.759	17.614	60.291	28.256	0.000	20.279	10.155	107.775	0.000	0.000	0.000	0.000	0.000
16.000	2.000	44.000	1000.000	23.000	50.000	22.497	416.812	533.538	580.432	66.904	65.434	55.879	39.729	17.552	60.325	28.224	0.000	20.220	10.153	107.529	0.000	0.000	0.000	0.000	0.000
16.000	2.000	45.000	1000.000	23.000	50.000	22.494	417.007	533.554	580.381	66.775	65.498	55.830	39.729	17.583	60.325	28.193	0.000	20.279	10.218	107.299	0.000	0.000	0.000	0.000	0.000
16.000	2.000	46.000	1000.000	23.000	50.000	22.479	417.305	533.858	580.051	66.574	65.436	55.798	39.727	17.553	60.350	28.029	0.000	20.340	10.221	106.054	0.000	0.000	0.000	0.000	0.000
16.000	2.000	47.000	1000.000	23.000	50.000	22.482	417.652	533.793	580.115	66.472	65.495	55.857	39.679	17.552	60.321	28.010	0.000	20.220	10.221	105.912	0.000	0.000	0.000	0.000	0.000
16.000	2.000	48.000	1000.000	23.000	50.000	22.477	417.942	533.816	580.043	66.449	65.292	55.831	39.685	17.547	60.302	27.257	0.000	20.278	10.092	100.294	0.000	0.000	0.000	0.000	0.000
16.000	2.000	49.000	1000.000	23.000	50.000	22.478	418.253	534.122	580.057	66.512	65.323	55.859	39.696	17.521	60.290	22.397	0.000	20.280	10.092	67.707	0.000	0.000	0.000	0.000	0.000
16.000	2.000	50.000	1000.000	23.000	50.000	22.479	418.560	534.145	580.078	66.443	65.466	55.921	39.694	17.519	60.283	21.437	0.000	20.220	10.028	62.023	0.000	0.000	0.000	0.000	0.000
16.000	2.000	51.000	1000.000	23.000	50.000	22.479	418.877	534.407	580.121	66.360	65.467	55.828	39.695	17.520	60.287	20.970	0.000	20.041	10.078	59.348	0.000	0.000	0.000	0.000	0.000
16.000	2.000	52.000	1000.000	23.000	50.000	22.493	419.162	534.608	580.072	66.123	65.531	55.799	39.695	17.520	60.294	21.335	0.000	20.102	10.158	61.432	0.000	0.000	0.000	0.000	0.000
16.000	2.000	53.000	1000.000	23.000	50.000	22.498	419.188	534.763	580.360	66.046	65.345	55.799	39.693	17.545	60.289	20.905	0.000	20.042	10.155	58.978	0.000	0.000	0.000	0.000	0.000
16.000	2.000	54.000	1000.000	23.000	50.000	22.511	419.816	535.085	581.026	65.808	65.213	55.832	39.690	17.581	60.384	21.037	0.000	20.102	10.094	59.723	0.000	0.000	0.000	0.000	0.000
16.000	2.000	55.000	1000.000	23.000	50.000	22.527	420.136	535.720	581.888	65.584	65.055	55.802	39.694	17.584	60.414	21.176	0.000	20.161	10.094	60.510	0.000	0.000	0.000	0.000	0.000
16.000	2.000	56.000	1000.000	23.000	50.000	22.527	420.735	536.622	582.865	65.432	65.029	55.785	39.696	17.522	60.439	21.202	0.000	20.324	10.090	60.657	0.000	0.000	0.000	0.000	0.000
16.000	2.000	57.000	1000.000	23.000	50.000	22.527	421.358	537.278	583.811	65.264	65.054	55.774	39.695	17.546	60.441	21.265	0.000	20.399	10.093	61.021	0.000	0.000	0.000	0.000	0.000
16.000	2.000	58.000	1000.000	23.000	50.000	22.526	421.967	538.166	585.026	65.136	65.146	55.824	39.757	17.530	60.379	21.338	0.000	20.401	10.097	61.441	0.000	0.000	0.000	0.000	0.000
16.000	2.000	59.000	1000.000	23.000	50.000	22.542	422.640	539.107	586.226	65.013	65.198	55.893	39.786	17.519	60.382	21.487	0.000	20.399	10.092	62.296	0.000	0.000	0.000	0.000	0.000
16.000	3.000	0.000	1000.000	23.000	50.000	22.559	423.209	539.738	587.125	64.933	65.207	55.891	39.819	17.524	60.354	21.550	0.000	20.398	10.094	62.663	0.000	0.000	0.000	0.000	0.000
16.000	3.000	1.000	1000.000	23.000	50.000	22.542	423.836	540.663	588.317	64.789	65.181	55.889	39.790	17.517	60.313	21.356	0.000	20.458	10.156	61.539	0.000	0.000	0.000	0.000	0.000
16.000	3.000	2.000	1000.000	23.000	50.000	22.542	424.445	541.313	589.232	64.710	65.090	55.830	39.760	17.520	60.256	21.567	0.000	20.339	10.156	62.762	0.000	0.000	0.000	0.000	0.000
16.000	3.000	3.000	1000.000	23.000	50.000	22.526	424.807	542.239	589.602	64.554	65.150	55.858	39.696	17.520	60.232	21.400	0.000	20.371	10.222	61.800	0.000	0.000	0.000	0.000	0.000
16.000	3.000	4.000	1000.000	23.000	50.000	22.527	425.116	542.214	590.603	64.368	65.207	55.852	39.694	17.539	60.258	21.556	0.000	20.400	10.158	62.704	0.000	0.000	0.000	0.000	0.000
16.000	3.000	5.000	1000.000	23.000	50.000	22.511	425.735	543.312	591.852	64.152	65.090	55.859	39.753	17.550	60.322	21.440	0.000	20.459	10.159	62.033	0.000	0.000	0.000	0.000	0.000
16.000	3.000	6.000	1000.000	23.000	50.000	22.496	426.306	543.776	592.725	64.081	65.153	55.891	39.746	17.581	60.259	21.221	0.000	20.458	10.158	60.777	0.000	0.000	0.000	0.000	0.000
16.000	3.000	7.000	1000.000	23.000	50.000	22.495	426.936	544.742	593.999	63.935	65.182	55.945	39.728	17.577	60.260	21.366	0.000	20.400	10.093	61.607	0.000	0.000	0.000	0.000	0.000
16.000	3.000	8.000	1000.000	23.000	50.000	22.511	427.215	545.362	594.881	63.926	65.179	55.978	39.696	17.610	60.256	21.626	0.000	20.221	10.096	63.117	0.000	0.000	0.000	0.000	0.000
16.000	3.000	9.000	1000.000	23.000	50.000	22.510	427.855	545.954	595.846	63.926	65.154	55.928	39.637	17.598	60.251	21.561	0.000	20.341	10.093	62.737	0.000	0.000	0.000	0.000	0.000
16.000	3.000	10.000	1000.000	23.000	50.000	22.510	428.142	546.612	596.719	63.801	65.244	55.902	39.632	17.581	60.322	20.803	0.000	20.458	10.094	58.404	0.000	0.000	0.000	0.000	0.000
16.000	3.000	11.000	1000.000	23.000	50.000	22.502	428.804	547.223	597.664	63.737	65.292	55.951	39.635	17.582	60.283	21.325	0.000	20.572	10.098	61.369	0.000	0.000	0.000	0.000	0.000
16.000	3.000	12.000	1000.000	23.000	50.000	22.497	429.382	548.171	598.617	63.697	65.370	56.016	39.635	17.550	60.291	21.078	0.000	20.516	10.092	59.961	0.000	0.000	0.000	0.000	0.000
16.000	3.000	13.000	1000.000	23.000	50.000	22.497	429.612	548.789	599.547	63.603	65.433	55.921	39.664	17.520	60.323	21.104	0.000	20.457	10.094	60.109	0.000	0.000	0.000	0.000	0.000
16.000	3.000	14.000	1000.000	23.000	50.000	22.509	430.030	549.412	600.369	63.450	65.370	55.953	39.666	17.522	60.288	20.828	0.000	20.458	10.133	58.539	0.000	0.000	0.000	0.000	0.000
16.000	3.000	15.000	1000.000	23.000	50.000	22.511	430.682	549.407	600.432	63.383	65.372	55.955	39.665	17.537	60.287	20.814	0.000	20.399	10.097	58.461	0.000	0.000	0.000	0.000	0.000
16.000	3.000	16.000	1000.000	23.000	50.000	22.510	431.267	550.068	601.399	63.380	65.374	55.915	39.664	17.551	60.293	20.792	0.000	20.459	10.091	58.340	0.000	0.000	0.000	0.000	0.000
16.000	3.000	17.000	1000.000	23.000	50.000	22.511	431.944	550.658	602.279	63.296	65.394	55.894	39.657	17.548	60.320	20.594	0.000	20.340	10.094	57.235	0.000	0.000	0.000	0.000	0.000
16.000	3.000	18.000	1000.000	23.000	50.000	22.510	432.526	551.392	603.219	63.215	65.436	55.830	39.634	17.550	60.317	21.281	0.000	20.458	10.093	61.115	0.000	0.000	0.000	0.000	0.000
16.000	3.000	19.000	1000.000	23.000	50.000	22.510	433.166	551.584	603.837	63.219	65.310	55.892	39.632	17.549	60.286	20.812	0.000	20.339	10.090	58.454	0.000	0.000	0.000	0.000	0.000
16.000	3.000	20.000	1000.000	23.000	50.000	22.496	433.786	552.209	604.747	63.060	65.491	55.890	39.692	17.530	60.254	21.110	0.000	20.221	10.157	60.140	0.000	0.000	0.000	0.000	0.000
16.000	3.000	21.000	1000.000	23.000	50.000	22.493	434.104	552.834	605.746	62.987	65.631	55.946	39.694	17.521	60.261	20.480	0.000	20.162	10.162	56.603	0.000	0.000	0.000	0.000	0.000
16.000	3.000	22.000	1000.000	23.000	50.000	22.480	434.685	553.494	606.630	62.989	65.719	55.926	39.667	17.522	60.220	20.266	0.000	20.340	10.221	55.429	0.000	0.000	0.000	0.000	0.000
16.000	3.000	23.000	1000.000	23.000	50.000	22.494	435.098	553.779	607.212	62.894	65.777	55.933	39.688	17.520	60.225	20.153	0.000	20.220	10.223	54.813	0.000	0.000	0.000	0.000	0.000
16.000	3.000	24.000	1000.000	23.000	50.000	22.493	435.292	554.397	608.181	62.810	65.754	55.960	39.698	17.523	60.240	20.305	0.000	20.244	10.216	55.640	0.000	0.000	0.000	0.000	0.000
16.000	3.000	25.000	1000.000	23.000	50.000	22.510	435.951	554.718	608.800	62.818	65.842	55.892	39.689	17.518	60.258	20.331	0.000	20.280	10.158	55.782	0.000	0.000	0.000	0.000	0.000
16.000	3.000	26.000	1000.000	23.000	50.000	22.510	436.280	555.355	609.371	62.740	65.810	55.988	39.633	17.521	60.320	20.559	0.000	20.341	10.097	57.038	0.000	0.000	0.000	0.000	0.000
16.000	3.000	27.000	1000.000	23.000	50.000	22.492	436.575	555.674	610.308	62.665	65.626	55.890	39.663	17.520	60.318	20.328	0.000	20.341	10.154	55.765	0.000	0.000	0.000	0.000	0.000
16.000	3.000	28.000	1000.000	23.000	50.000	22.512	437.164	555.947	610.869	62.505	65.628	55.921	39.694	17.489	60.314	20.095	0.000	20.280	10.161	54.491	0.000	0.000	0.000	0.000	0.000
16.000	3.000	29.000	1000.000	23.000	50.000	22.511	437.494	556.241	611.263	62.434	65.496	55.952	39.727	17.489	60.283	20.240	0.000	20.399	10.094	55.282	0.000	0.000	0.000	0.000	0.000
16.000	3.000	30.000	1000.000	23.000	50.000	22.510	437.781	556.781	611.594	62.430	65.314	55.983	39.725	17.489	60.289	20.300	0.000	20.399	10.158	55.612	0.000	0.000	0.000	0.000	0.000
16.000	3.000	31.000	1000.000	23.000	50.000	22.512	438.419	556.861	612.197	62.427	65.217	55.889	39.759	17.490	60.285	20.250	0.000	20.466	10.161	55.338	0.000	0.000	0.000	0.000	0.000
16.000	3.000	32.000	1000.000	23.000	50.000	22.525	438.734	556.901	613.150	62.421	65.214	56.012	39.790	17.486	60.349	20.119	0.000	20.458	10.157	54.622	0.000	0.000	0.000	0.000	0.000
16.000	3.000	33.000	1000.000	23.000	50.000	22.527	438.886	557.177	613.699	62.360	65.239	56.051	39.791	17.483	60.316	19.936	0.000	20.459	10.221	53.628	0.000	0.000	0.000	0.000	0.000
16.000	3.000	34.000	1000.000	23.000	50.000	22.528	439.075	557.538	614.318	62.285	65.270	55.996	39.761	17.492	60.261	20.101	0.000	20.458	10.218	54.520	0.000	0.000	0.000	0.000	0.000
16.000	3.000	35.000	1000.000	23.000	50.000	22.527	439.357	557.816	614.596	62.213	65.218	56.003	39.788	17.492	60.280	20.285	0.000	20.399	10.156	55.525	0.000	0.000	0.000	0.000	0.000
16.000	3.000	36.000	1000.000	23.000	50.000	22.526	439.981	558.128	615.261	62.114	65.213	56.021	39.729	17.493	60.274	20.235	0.000	20.517	10.160	55.250	0.000	0.000	0.000	0.000	0.000
16.000	3.000	37.000	1000.000	23.000	50.000	22.526	440.304	558.135	615.597	62.196	65.213	56.083	39.697	17.489	60.264	20.234	0.000	20.459	10.156	55.245	0.000	0.000	0.000	0.000	0.000
16.000	3.000	38.000	1000.000	23.000	50.000	22.543	440.599	558.478	616.196	62.275	65.531	55.989	39.696	17.519	60.295	20.311	0.000	20.341	10.096	55.665	0.000	0.000	0.000	0.000	0.000
16.000	3.000	39.000	1000.000	23.000	50.000	22.528	440.929	558.505	616.509	62.266	65.592	56.020	39.674	17.521	60.262	20.009	0.000	20.249	10.096	54.026	0.000	0.000	0.000	0.000	0.000
16.000	3.000	40.000	1000.000	23.000	50.000	22.526	441.246	558.762	617.104	62.182	65.593	56.049	39.654	17.490	60.227	19.950	0.000	20.160	10.094	53.703	0.000	0.000	0.000	0.000	0.000
16.000	3.000	41.000	1000.000	23.000	50.000	22.526	441.502	559.092	617.674	62.113	65.657	56.049	39.630	17.492	60.288	20.330	0.000	20.161	10.098	55.774	0.000	0.000	0.000	0.000	0.000
16.000	3.000	42.000	1000.000	23.000	50.000	22.512	441.850	559.077	618.026	62.122	65.627	56.084	39.638	17.487	60.317	19.784	0.000	20.160	10.126	52.818	0.000	0.000	0.000	0.000	0.000
16.000	3.000	43.000	1000.000	23.000	50.000	22.512	441.981	559.375	618.576	62.110	65.625	56.019	39.662	17.490	60.318	20.458	0.000	20.282	10.159	56.481	0.000	0.000	0.000	0.000	0.000
16.000	3.000	44.000	1000.000	23.000	50.000	22.495	442.144	559.663	618.821	62.028	65.587	56.017	39.705	17.489	60.321	20.257	0.000	20.399	10.161	55.377	0.000	0.000	0.000	0.000	0.000
16.000	3.000	45.000	1000.000	23.000	50.000	22.497	442.795	559.694	619.016	62.033	65.550	55.928	39.697	17.493	60.326	19.925	0.000	20.518	10.218	53.576	0.000	0.000	0.000	0.000	0.000
16.000	3.000	47.000	1000.000	23.000	50.000	22.479	443.063	559.767	619.524	62.038	65.533	55.923	39.727	17.552	60.353	20.169	0.000	20.458	10.159	54.899	0.000	0.000	0.000	0.000	0.000
16.000	3.000	48.000	1000.000	23.000	50.000	22.493	443.392	560.025	619.916	62.035	65.533	55.974	39.668	17.548	60.353	20.235	0.000	20.399	10.152	55.259	0.000	0.000	0.000	0.000	0.000
16.000	3.000	49.000	1000.000	23.000	50.000	22.494	443.708	560.020	620.509	62.035	65.561	55.988	39.663	17.551	60.326	20.327	0.000	20.280	10.155	55.760	0.000	0.000	0.000	0.000	0.000
16.000	3.000	50.000	1000.000	23.000	50.000	22.484	444.054	560.319	620.835	61.885	65.714	55.988	39.633	17.551	60.326	19.700	0.000	20.281	10.153	52.377	0.000	0.000	0.000	0.000	0.000
16.000	3.000	51.000	1000.000	23.000	50.000	22.479	444.346	560.640	621.496	61.952	65.592	55.988	39.696	17.551	60.318	20.229	0.000	20.280	10.095	55.227	0.000	0.000	0.000	0.000	0.000
16.000	3.000	52.000	1000.000	23.000	50.000	22.495	444.611	560.634	621.736	61.963	65.340	55.957	39.694	17.551	60.283	20.104	0.000	20.400	10.095	54.542	0.000	0.000	0.000	0.000	0.000
16.000	3.000	53.000	1000.000	23.000	50.000	22.478	444.937	560.641	622.069	61.877	65.308	55.985	39.728	17.548	60.376	20.181	0.000	20.339	10.093	54.968	0.000	0.000	0.000	0.000	0.000
16.000	3.000	54.000	1000.000	23.000	50.000	22.494	445.068	560.959	622.306	61.791	65.340	56.045	39.730	17.550	60.318	20.162	0.000	20.398	10.093	54.860	0.000	0.000	0.000	0.000	0.000
16.000	3.000	55.000	1000.000	23.000	50.000	22.492	445.260	560.975	622.676	61.796	65.310	56.046	39.729	17.551	60.321	20.163	0.000	20.399	10.099	54.868	0.000	0.000	0.000	0.000	0.000
16.000	3.000	56.000	1000.000	23.000	50.000	22.478	445.556	561.267	623.009	61.792	65.400	55.987	39.729	17.522	60.320	20.063	0.000	20.458	10.159	54.326	0.000	0.000	0.000	0.000	0.000
16.000	3.000	57.000	1000.000	23.000	50.000	22.492	445.863	561.247	623.276	61.720	65.575	55.987	39.724	17.518	60.317	20.007	0.000	20.340	10.158	54.021	0.000	0.000	0.000	0.000	0.000
16.000	3.000	58.000	1000.000	23.000	50.000	22.478	446.186	561.242	623.599	61.715	65.770	55.988	39.723	17.548	60.351	19.539	0.000	20.457	10.092	51.526	0.000	0.000	0.000	0.000	0.000
16.000	3.000	59.000	1000.000	23.000	50.000	22.462	446.497	561.549	623.608	61.654	65.937	56.043	39.729	17.549	60.411	20.229	0.000	20.397	10.157	55.230	0.000	0.000	0.000	0.000	0.000
16.000	4.000	0.000	1000.000	23.000	50.000	22.464	446.481	561.516	623.578	61.638	65.751	56.020	39.720	17.580	60.443	20.222	0.000	20.399	10.159	55.191	0.000	0.000	0.000	0.000	0.000
16.000	4.000	1.000	1000.000	23.000	50.000	22.463	447.106	561.577	623.894	61.635	65.909	55.992	39.695	17.585	60.356	19.699	0.000	20.340	10.093	52.377	0.000	0.000	0.000	0.000	0.000
16.000	4.000	2.000	1000.000	23.000	50.000	22.447	447.121	561.611	624.526	61.557	65.939	55.987	39.664	17.581	60.348	19.918	0.000	20.221	10.096	53.551	0.000	0.000	0.000	0.000	0.000
16.000	4.000	3.000	1000.000	23.000	50.000	22.446	447.401	561.575	624.817	61.643	66.031	55.997	39.692	17.583	60.350	19.989	0.000	20.221	10.094	53.933	0.000	0.000	0.000	0.000	0.000
16.000	4.000	4.000	1000.000	23.000	50.000	22.435	447.526	561.877	625.152	61.638	65.753	56.079	39.665	17.555	60.349	19.514	0.000	20.279	10.028	51.401	0.000	0.000	0.000	0.000	0.000
16.000	4.000	5.000	1000.000	23.000	50.000	22.434	447.759	561.906	625.182	61.631	66.024	56.050	39.728	17.549	60.353	20.158	0.000	20.280	10.095	54.849	0.000	0.000	0.000	0.000	0.000
16.000	4.000	6.000	1000.000	23.000	50.000	22.451	448.080	561.874	625.441	61.560	65.832	55.988	39.758	17.551	60.322	19.898	0.000	20.280	10.092	53.442	0.000	0.000	0.000	0.000	0.000
16.000	4.000	7.000	1000.000	23.000	50.000	22.436	448.353	561.916	625.809	61.397	65.811	56.048	39.794	17.520	60.316	20.039	0.000	20.398	10.094	54.206	0.000	0.000	0.000	0.000	0.000
16.000	4.000	8.000	1000.000	23.000	50.000	22.432	448.641	562.201	626.126	61.414	65.711	56.055	39.823	17.520	60.352	20.237	0.000	20.278	10.033	55.280	0.000	0.000	0.000	0.000	0.000
16.000	4.000	9.000	1000.000	23.000	50.000	22.433	448.983	562.218	626.110	61.559	65.598	56.021	39.790	17.518	60.345	19.993	0.000	20.390	9.968	53.954	0.000	0.000	0.000	0.000	0.000
16.000	4.000	10.000	1000.000	23.000	50.000	22.433	449.277	562.514	626.387	61.493	65.497	56.047	39.790	17.523	60.353	20.188	0.000	20.457	9.971	55.012	0.000	0.000	0.000	0.000	0.000
16.000	4.000	11.000	1000.000	23.000	50.000	22.401	449.550	562.555	626.691	61.480	65.276	55.985	39.786	17.524	60.377	20.295	0.000	20.457	10.017	55.603	0.000	0.000	0.000	0.000	0.000
16.000	4.000	12.000	1000.000	23.000	50.000	22.387	449.906	562.531	626.972	61.486	65.276	56.073	39.818	17.517	60.444	20.107	0.000	20.400	9.968	54.580	0.000	0.000	0.000	0.000	0.000
16.000	4.000	13.000	1000.000	23.000	50.000	22.387	450.040	562.555	626.971	61.483	65.307	56.086	39.824	17.519	60.470	20.172	0.000	20.399	9.968	54.939	0.000	0.000	0.000	0.000	0.000
16.000	4.000	14.000	1000.000	23.000	50.000	22.385	450.229	562.847	627.307	61.476	65.496	56.058	39.821	17.551	60.447	20.105	0.000	20.400	9.970	54.572	0.000	0.000	0.000	0.000	0.000
16.000	4.000	15.000	1000.000	23.000	50.000	22.402	450.500	562.815	627.658	61.482	65.436	56.064	39.870	17.498	60.440	19.949	0.000	20.338	9.966	53.725	0.000	0.000	0.000	0.000	0.000
16.000	4.000	16.000	1000.000	23.000	50.000	22.402	450.833	562.835	627.909	61.637	65.407	56.090	39.930	17.471	60.417	19.611	0.000	20.281	9.969	51.921	0.000	0.000	0.000	0.000	0.000
16.000	4.000	17.000	1000.000	23.000	50.000	22.387	451.167	563.129	628.246	61.559	65.490	56.144	39.960	17.457	60.473	20.226	0.000	20.220	9.904	55.228	0.000	0.000	0.000	0.000	0.000
16.000	4.000	18.000	1000.000	23.000	50.000	22.402	451.143	563.140	628.605	61.476	65.452	56.141	39.980	17.488	60.507	19.667	0.000	20.279	9.862	52.216	0.000	0.000	0.000	0.000	0.000
16.000	4.000	19.000	1000.000	23.000	50.000	22.399	451.418	563.158	628.860	61.485	65.508	55.991	39.948	17.487	60.509	19.754	0.000	20.339	9.901	52.678	0.000	0.000	0.000	0.000	0.000
16.000	4.000	20.000	1000.000	23.000	50.000	22.386	451.795	563.158	629.142	61.404	65.605	56.013	39.947	17.454	60.501	20.181	0.000	20.340	9.921	54.986	0.000	0.000	0.000	0.000	0.000
16.000	4.000	21.000	1000.000	23.000	50.000	22.386	452.069	563.146	629.485	61.405	65.685	56.081	39.979	17.459	60.499	19.923	0.000	20.282	9.969	53.588	0.000	0.000	0.000	0.000	0.000
16.000	4.000	22.000	1000.000	23.000	50.000	22.388	452.648	563.450	629.814	61.552	65.655	56.147	40.010	17.488	60.501	20.038	0.000	20.400	9.903	54.207	0.000	0.000	0.000	0.000	0.000
16.000	4.000	23.000	1000.000	23.000	50.000	22.386	452.813	563.461	630.076	61.443	65.656	56.083	39.977	17.461	60.498	20.260	0.000	20.437	9.905	55.417	0.000	0.000	0.000	0.000	0.000
16.000	4.000	24.000	1000.000	23.000	50.000	22.384	452.994	563.749	630.409	61.473	65.781	56.082	39.915	17.486	60.474	19.753	2.331	20.352	9.910	52.675	0.000	0.000	0.000	0.000	0.000
16.000	4.000	25.000	1000.000	23.000	50.000	22.372	453.010	563.760	630.622	61.556	65.937	56.024	39.919	17.488	60.444	20.248	2.331	20.220	9.861	55.356	0.000	0.000	0.000	0.000	0.000
16.000	4.000	26.000	1000.000	23.000	50.000	22.371	453.308	563.722	630.854	61.565	65.847	56.045	39.948	17.491	60.461	19.775	2.331	20.339	9.859	52.797	0.000	0.000	0.000	0.000	0.000
16.000	4.000	27.000	1000.000	23.000	50.000	22.371	453.309	563.746	631.097	61.641	65.937	56.050	39.948	17.485	60.473	19.863	2.331	20.279	9.862	53.269	0.000	0.000	0.000	0.000	0.000
16.000	4.000	28.000	1000.000	23.000	50.000	22.368	453.657	563.771	631.317	61.637	65.934	56.031	39.974	17.487	60.473	19.553	2.331	20.102	9.804	51.619	0.000	0.000	0.000	0.000	0.000
16.000	4.000	29.000	1000.000	23.000	50.000	22.372	453.652	564.080	631.624	61.555	65.849	56.016	39.980	17.488	60.505	19.994	2.331	20.220	9.797	53.971	0.000	0.000	0.000	0.000	0.000
16.000	4.000	30.000	1000.000	23.000	50.000	22.355	453.956	564.069	631.971	61.475	65.758	55.988	39.980	17.427	60.505	20.149	2.331	20.155	9.865	54.816	0.000	0.000	0.000	0.000	0.000
16.000	4.000	31.000	1000.000	23.000	50.000	22.356	453.936	564.037	631.927	61.484	65.675	55.986	39.979	17.551	60.505	19.703	2.331	20.160	9.863	52.414	0.000	0.000	0.000	0.000	0.000
16.000	4.000	32.000	1000.000	23.000	50.000	22.339	454.250	564.096	632.242	61.633	65.528	55.986	40.023	17.552	60.475	19.594	2.331	20.096	9.858	51.841	0.000	0.000	0.000	0.000	0.000
16.000	4.000	33.000	1000.000	23.000	50.000	22.339	454.266	564.060	632.268	61.556	65.813	56.050	40.044	17.522	60.475	19.753	2.331	20.042	9.799	52.687	0.000	0.000	0.000	0.000	0.000
16.000	4.000	34.000	1000.000	23.000	50.000	22.340	454.241	564.035	632.319	61.567	65.811	56.017	40.044	17.519	60.504	20.132	2.331	20.101	9.790	54.728	0.000	0.000	0.000	0.000	0.000
16.000	4.000	35.000	1000.000	23.000	50.000	22.324	454.246	564.070	632.612	61.552	65.718	55.987	40.073	17.550	60.477	19.887	2.331	20.159	9.802	53.409	0.000	0.000	0.000	0.000	0.000
16.000	4.000	36.000	1000.000	23.000	50.000	22.309	454.558	564.080	632.605	61.561	65.746	55.896	40.075	17.521	60.409	19.692	2.331	20.162	9.735	52.370	0.000	0.000	0.000	0.000	0.000
16.000	4.000	37.000	1000.000	23.000	50.000	22.316	454.851	564.026	632.559	61.556	65.565	56.043	40.108	17.541	60.442	20.257	2.331	19.983	9.796	55.415	0.000	0.000	0.000	0.000	0.000
16.000	4.000	38.000	1000.000	23.000	50.000	22.321	454.873	564.066	632.885	61.567	65.470	56.079	40.102	17.544	60.449	19.611	2.331	20.102	9.673	51.937	0.000	0.000	0.000	0.000	0.000
16.000	4.000	39.000	1000.000	23.000	50.000	22.324	455.182	564.236	633.090	61.481	65.325	56.081	40.076	17.490	60.473	19.961	2.331	20.137	9.676	53.804	0.000	0.000	0.000	0.000	0.000
16.000	4.000	40.000	1000.000	23.000	50.000	22.311	455.483	564.356	633.214	61.553	65.330	56.060	40.076	17.452	60.478	20.217	2.331	20.340	9.740	55.195	0.000	0.000	0.000	0.000	0.000
16.000	4.000	41.000	1000.000	23.000	50.000	22.309	455.502	564.401	633.165	61.480	65.310	56.046	40.104	17.488	60.440	19.853	2.318	20.219	9.735	53.227	0.000	0.000	0.000	0.000	0.000
16.000	4.000	42.000	1000.000	23.000	50.000	22.306	455.754	564.427	633.206	61.481	65.248	56.019	40.137	17.459	60.411	20.189	2.318	20.102	9.756	55.043	0.000	0.000	0.000	0.000	0.000
16.000	4.000	43.000	1000.000	23.000	50.000	22.293	455.790	564.380	633.175	61.562	65.245	56.051	40.106	17.489	60.411	19.524	2.318	20.221	9.737	51.480	0.000	0.000	0.000	0.000	0.000
16.000	4.000	44.000	1000.000	23.000	50.000	22.307	455.793	564.414	633.162	61.639	65.308	56.048	40.102	17.519	60.384	20.107	2.318	20.280	9.671	54.599	0.000	0.000	0.000	0.000	0.000
16.000	4.000	45.000	1000.000	23.000	50.000	22.293	455.789	564.417	633.511	61.640	65.312	56.047	40.046	17.523	60.409	19.888	2.318	20.459	9.672	53.418	0.000	0.000	0.000	0.000	0.000
16.000	4.000	46.000	1000.000	23.000	50.000	22.309	456.091	564.432	633.499	61.637	65.530	56.049	40.096	17.521	60.440	20.225	2.318	20.546	9.610	55.240	0.000	0.000	0.000	0.000	0.000
16.000	4.000	47.000	1000.000	23.000	50.000	22.308	456.097	564.423	633.875	61.699	65.687	56.115	40.164	17.518	60.507	20.180	2.318	20.457	9.679	54.995	0.000	0.000	0.000	0.000	0.000
16.000	4.000	48.000	1000.000	23.000	50.000	22.323	456.417	564.357	633.824	61.717	65.748	56.179	40.194	17.518	60.503	20.192	2.318	20.398	9.614	55.057	0.000	0.000	0.000	0.000	0.000
16.000	4.000	49.000	1000.000	23.000	50.000	22.309	456.746	564.396	633.787	61.733	65.660	56.109	40.199	17.520	60.480	20.130	2.318	20.397	9.595	54.722	0.000	0.000	0.000	0.000	0.000
16.000	4.000	50.000	1000.000	23.000	50.000	22.325	457.034	564.389	634.159	61.796	65.598	56.176	40.214	17.519	60.471	20.160	2.318	20.338	9.570	54.880	0.000	0.000	0.000	0.000	0.000
16.000	4.000	51.000	1000.000	23.000	50.000	22.311	457.380	564.419	634.424	61.881	65.637	56.118	40.234	17.520	60.475	20.286	2.318	20.402	9.550	55.575	0.000	0.000	0.000	0.000	0.000
16.000	4.000	52.000	1000.000	23.000	50.000	22.310	457.664	564.400	634.453	61.788	65.602	56.060	40.270	17.521	60.477	20.133	2.318	20.341	9.551	54.737	0.000	0.000	0.000	0.000	0.000
16.000	4.000	53.000	1000.000	23.000	50.000	22.309	457.649	564.376	634.420	61.639	65.528	56.055	40.260	17.460	60.474	20.159	2.318	20.399	9.613	54.884	0.000	0.000	0.000	0.000	0.000
16.000	4.000	54.000	1000.000	23.000	50.000	22.308	457.657	564.394	634.572	61.557	65.532	56.052	40.258	17.460	60.471	19.668	2.318	20.458	9.671	52.240	0.000	0.000	0.000	0.000	0.000
16.000	4.000	55.000	1000.000	23.000	50.000	22.309	458.004	564.420	634.748	61.646	65.621	56.117	40.294	17.424	60.410	20.147	2.318	20.339	9.673	54.818	0.000	0.000	0.000	0.000	0.000
16.000	4.000	56.000	1000.000	23.000	50.000	22.309	458.281	564.732	634.712	61.722	65.658	56.178	40.326	17.424	60.350	19.499	2.318	20.220	9.612	51.348	0.000	0.000	0.000	0.000	0.000
16.000	4.000	57.000	1000.000	23.000	50.000	22.307	458.607	564.715	634.705	61.713	65.592	56.113	40.320	17.459	60.322	20.191	2.318	20.282	9.644	55.058	0.000	0.000	0.000	0.000	0.000
16.000	4.000	58.000	1000.000	23.000	50.000	22.291	458.624	564.701	635.062	61.647	65.398	56.051	40.323	17.458	60.378	19.537	2.318	20.340	9.609	51.547	0.000	0.000	0.000	0.000	0.000
16.000	4.000	59.000	1000.000	23.000	50.000	22.292	458.890	564.710	635.116	61.638	65.434	56.145	40.322	17.440	60.412	20.002	2.313	20.280	9.547	54.033	0.000	0.000	0.000	0.000	0.000
16.000	5.000	0.000	1000.000	23.000	50.000	22.291	458.900	564.706	635.055	61.590	65.465	56.176	40.328	17.430	60.437	20.032	2.313	20.148	9.609	54.194	0.000	0.000	0.000	0.000	0.000
16.000	5.000	1.000	1000.000	23.000	50.000	22.292	459.204	564.698	635.345	61.578	65.578	56.209	40.325	17.459	60.443	19.820	2.313	20.259	9.612	53.055	0.000	0.000	0.000	0.000	0.000
16.000	5.000	2.000	1000.000	23.000	50.000	22.293	459.213	564.721	635.393	61.641	65.637	56.150	40.354	17.431	60.452	20.165	2.313	20.398	9.615	54.917	0.000	0.000	0.000	0.000	0.000
16.000	5.000	3.000	1000.000	23.000	50.000	22.276	459.215	564.717	635.370	61.562	65.629	56.172	40.414	17.425	60.471	19.810	2.313	20.517	9.549	53.005	0.000	0.000	0.000	0.000	0.000
16.000	5.000	4.000	1000.000	23.000	50.000	22.292	459.256	564.764	635.360	61.551	65.594	56.144	40.444	17.424	60.470	19.475	2.313	20.516	9.550	51.224	0.000	0.000	0.000	0.000	0.000
16.000	5.000	5.000	1000.000	23.000	50.000	22.292	459.246	564.972	635.338	61.561	65.560	56.143	40.449	17.428	60.478	20.100	2.313	20.398	9.549	54.564	0.000	0.000	0.000	0.000	0.000
16.000	5.000	6.000	1000.000	23.000	50.000	22.291	459.205	565.019	635.349	61.558	65.434	56.151	40.450	17.426	60.467	20.160	2.313	20.514	9.549	54.889	0.000	0.000	0.000	0.000	0.000
16.000	5.000	7.000	1000.000	23.000	50.000	22.293	459.233	565.019	635.583	61.568	65.591	56.175	40.437	17.458	60.467	20.171	2.313	20.401	9.491	54.949	0.000	0.000	0.000	0.000	0.000
16.000	5.000	8.000	1000.000	23.000	50.000	22.292	459.224	565.071	635.649	61.700	65.751	56.174	40.479	17.487	60.477	19.783	2.313	20.459	9.486	52.854	0.000	0.000	0.000	0.000	0.000
16.000	5.000	9.000	1000.000	23.000	50.000	22.307	459.527	565.024	635.391	61.713	65.781	56.114	40.473	17.437	60.413	19.939	2.313	20.340	9.488	53.691	0.000	0.000	0.000	0.000	0.000
16.000	5.000	10.000	1000.000	23.000	50.000	22.322	459.511	565.003	635.348	61.791	65.808	56.177	40.475	17.443	60.349	20.080	2.313	20.279	9.486	54.450	0.000	0.000	0.000	0.000	0.000
16.000	5.000	11.000	1000.000	23.000	50.000	22.323	459.827	565.004	635.353	61.864	65.846	56.206	40.454	17.458	60.344	19.849	2.313	20.280	9.487	53.202	0.000	0.000	0.000	0.000	0.000
16.000	5.000	12.000	1000.000	23.000	50.000	22.340	459.835	565.017	635.338	61.830	65.958	56.205	40.483	17.514	60.349	19.923	2.313	20.338	9.465	53.597	0.000	0.000	0.000	0.000	0.000
16.000	5.000	13.000	1000.000	23.000	50.000	22.356	459.844	565.003	635.346	61.795	65.884	56.209	40.481	17.520	60.354	20.157	2.313	20.342	9.427	54.862	0.000	0.000	0.000	0.000	0.000
16.000	5.000	14.000	1000.000	23.000	50.000	22.356	459.834	565.022	635.306	61.807	65.786	56.175	40.419	17.520	60.353	20.156	2.313	20.279	9.490	54.857	0.000	0.000	0.000	0.000	0.000
16.000	5.000	15.000	1000.000	23.000	50.000	22.358	460.167	565.328	635.380	61.727	65.680	56.114	40.415	17.425	60.412	20.264	2.313	20.291	9.485	55.446	0.000	0.000	0.000	0.000	0.000
16.000	5.000	16.000	1000.000	23.000	50.000	22.372	460.189	565.010	635.713	61.875	65.534	56.086	40.448	17.424	60.416	19.894	2.313	20.302	9.485	53.434	0.000	0.000	0.000	0.000	0.000
16.000	5.000	17.000	1000.000	23.000	50.000	22.370	460.493	565.021	635.656	61.806	65.752	56.152	40.543	17.428	60.471	19.875	2.298	20.221	9.488	53.334	0.000	0.000	0.000	0.000	0.000
16.000	5.000	18.000	1000.000	23.000	50.000	22.387	460.774	565.040	635.635	61.631	65.621	56.168	40.601	17.427	60.532	20.216	2.298	20.220	9.488	55.175	0.000	0.000	0.000	0.000	0.000
16.000	5.000	19.000	1000.000	23.000	50.000	22.385	460.785	565.004	635.619	61.718	65.436	56.192	40.636	17.459	60.533	20.192	2.298	20.103	9.487	55.047	0.000	0.000	0.000	0.000	0.000
16.000	5.000	20.000	1000.000	23.000	50.000	22.387	461.096	565.040	635.641	61.800	65.588	56.241	40.608	17.456	60.536	19.535	2.298	20.221	9.460	51.519	0.000	0.000	0.000	0.000	0.000
16.000	5.000	21.000	1000.000	23.000	50.000	22.401	461.072	565.052	635.693	61.801	65.775	56.245	40.577	17.463	60.536	20.329	2.298	20.282	9.483	55.794	0.000	0.000	0.000	0.000	0.000
16.000	5.000	22.000	1000.000	23.000	50.000	22.416	461.089	565.032	635.626	61.790	65.661	56.209	40.596	17.461	60.535	19.561	2.298	20.399	9.421	51.650	0.000	0.000	0.000	0.000	0.000
16.000	5.000	23.000	1000.000	23.000	50.000	22.417	461.061	565.022	635.701	61.736	65.763	56.241	40.603	17.458	60.536	20.073	2.298	20.161	9.424	54.391	0.000	0.000	0.000	0.000	0.000
16.000	5.000	24.000	1000.000	23.000	50.000	22.404	461.369	565.021	635.735	61.744	65.700	56.082	40.603	17.392	60.532	19.419	2.298	20.208	9.425	50.908	0.000	0.000	0.000	0.000	0.000
16.000	5.000	25.000	1000.000	23.000	50.000	22.401	461.758	565.058	635.960	61.803	65.624	56.142	40.609	17.361	60.474	19.987	2.298	20.281	9.428	53.931	0.000	0.000	0.000	0.000	0.000
16.000	5.000	26.000	1000.000	23.000	50.000	22.417	461.701	564.987	635.938	61.792	65.566	56.176	40.575	17.426	60.443	19.869	2.298	20.220	9.492	53.292	0.000	0.000	0.000	0.000	0.000
16.000	5.000	27.000	1000.000	23.000	50.000	22.401	462.013	565.003	635.656	61.799	65.622	56.268	40.636	17.486	60.435	20.251	2.298	20.339	9.487	55.366	0.000	0.000	0.000	0.000	0.000
16.000	5.000	28.000	1000.000	23.000	50.000	22.416	461.975	565.018	635.698	61.714	65.591	56.245	40.541	17.487	60.379	19.742	2.298	20.400	9.422	52.610	0.000	0.000	0.000	0.000	0.000
16.000	5.000	29.000	1000.000	23.000	50.000	22.416	462.364	564.997	635.932	61.716	65.529	56.211	40.545	17.488	60.386	19.853	2.298	20.398	9.428	53.207	0.000	0.000	0.000	0.000	0.000
16.000	5.000	30.000	1000.000	23.000	50.000	22.416	462.341	565.007	635.978	61.799	65.472	56.185	40.578	17.487	60.377	20.152	2.298	20.399	9.486	54.818	0.000	0.000	0.000	0.000	0.000
16.000	5.000	31.000	1000.000	23.000	50.000	22.432	462.317	564.994	636.286	61.717	65.408	56.159	40.575	17.493	60.445	20.077	2.298	20.300	9.553	54.408	0.000	0.000	0.000	0.000	0.000
16.000	5.000	32.000	1000.000	23.000	50.000	22.432	462.396	565.091	636.265	61.557	65.399	56.160	40.572	17.490	60.503	20.102	2.298	20.340	9.552	54.547	0.000	0.000	0.000	0.000	0.000
16.000	5.000	33.000	1000.000	23.000	50.000	22.435	462.621	564.976	636.230	61.486	65.468	56.242	40.576	17.489	60.529	20.029	2.298	20.399	9.487	54.152	0.000	0.000	0.000	0.000	0.000
16.000	5.000	34.000	1000.000	23.000	50.000	22.431	462.630	565.008	636.267	61.480	65.244	56.206	40.574	17.486	60.504	20.181	2.298	20.457	9.550	54.979	0.000	0.000	0.000	0.000	0.000
16.000	5.000	35.000	1000.000	23.000	50.000	22.433	462.651	565.037	636.277	61.596	65.336	56.174	40.573	17.458	60.509	20.242	2.272	20.398	9.547	55.306	0.000	0.000	0.000	0.000	0.000
16.000	5.000	36.000	1000.000	23.000	50.000	22.434	462.952	565.026	636.273	61.647	65.436	56.173	40.545	17.458	60.503	19.425	2.272	20.400	9.552	50.935	0.000	0.000	0.000	0.000	0.000
16.000	5.000	37.000	1000.000	23.000	50.000	22.431	462.946	565.037	636.279	61.630	65.518	56.207	40.542	17.396	60.499	20.266	2.272	20.376	9.489	55.440	0.000	0.000	0.000	0.000	0.000
16.000	5.000	38.000	1000.000	23.000	50.000	22.434	462.965	564.993	636.546	61.634	65.593	56.236	40.513	17.396	60.528	20.103	2.272	20.410	9.485	54.550	0.000	0.000	0.000	0.000	0.000
16.000	5.000	39.000	1000.000	23.000	50.000	22.434	463.274	564.991	636.577	61.720	65.593	56.240	40.536	17.458	60.533	20.056	2.272	20.340	9.487	54.294	0.000	0.000	0.000	0.000	0.000
16.000	5.000	40.000	1000.000	23.000	50.000	22.434	463.229	564.971	636.828	61.716	65.467	56.238	40.566	17.459	60.539	20.198	2.272	20.398	9.554	55.069	0.000	0.000	0.000	0.000	0.000
16.000	5.000	41.000	1000.000	23.000	50.000	22.417	463.546	564.972	636.869	61.798	65.433	56.240	40.591	17.459	60.595	19.989	2.272	20.398	9.489	53.938	0.000	0.000	0.000	0.000	0.000
16.000	5.000	42.000	1000.000	23.000	50.000	22.417	463.543	564.994	636.889	61.801	65.467	56.269	40.597	17.458	60.566	20.104	2.272	20.339	9.552	54.558	0.000	0.000	0.000	0.000	0.000
16.000	5.000	43.000	1000.000	23.000	50.000	22.405	463.567	565.055	636.869	61.721	65.623	56.299	40.570	17.459	60.536	20.179	2.272	20.340	9.487	54.971	0.000	0.000	0.000	0.000	0.000
16.000	5.000	44.000	1000.000	23.000	50.000	22.401	463.872	564.989	636.921	61.706	65.561	56.280	40.545	17.457	60.498	20.148	2.272	20.316	9.616	54.805	0.000	0.000	0.000	0.000	0.000
16.000	5.000	45.000	1000.000	23.000	50.000	22.418	463.888	565.010	636.909	61.638	65.533	56.245	40.513	17.459	60.505	20.248	2.272	20.100	9.615	55.347	0.000	0.000	0.000	0.000	0.000
16.000	5.000	46.000	1000.000	23.000	50.000	22.415	464.201	564.993	637.209	61.641	65.455	56.145	40.478	17.428	60.503	20.082	2.272	20.280	9.621	54.441	0.000	0.000	0.000	0.000	0.000
16.000	5.000	47.000	1000.000	23.000	50.000	22.432	464.167	564.990	637.154	61.581	65.585	56.175	40.481	17.426	60.533	19.741	2.272	20.103	9.552	52.602	0.000	0.000	0.000	0.000	0.000
16.000	5.000	48.000	1000.000	23.000	50.000	22.439	464.210	565.010	637.178	61.584	65.716	56.269	40.448	17.426	60.531	20.251	2.272	20.219	9.487	55.357	0.000	0.000	0.000	0.000	0.000
16.000	5.000	49.000	1000.000	23.000	50.000	22.449	464.188	564.997	636.961	61.647	65.714	56.305	40.540	17.425	60.535	20.242	2.272	20.219	9.488	55.307	0.000	0.000	0.000	0.000	0.000
16.000	5.000	50.000	1000.000	23.000	50.000	22.448	464.191	565.004	636.850	61.803	65.621	56.145	40.543	17.423	60.538	20.040	2.272	20.220	9.551	54.206	0.000	0.000	0.000	0.000	0.000
16.000	5.000	51.000	1000.000	23.000	50.000	22.449	464.188	565.058	636.857	61.720	65.626	56.208	40.545	17.458	60.537	20.155	2.272	20.221	9.554	54.831	0.000	0.000	0.000	0.000	0.000
16.000	5.000	52.000	1000.000	23.000	50.000	22.447	464.189	565.046	636.873	61.639	65.499	56.178	40.518	17.453	60.534	20.088	2.282	20.245	9.555	54.469	0.000	0.000	0.000	0.000	0.000
16.000	5.000	53.000	1000.000	23.000	50.000	22.450	464.213	565.011	636.872	61.637	65.684	56.299	40.545	17.458	60.534	19.888	2.282	20.229	9.548	53.385	0.000	0.000	0.000	0.000	0.000
16.000	5.000	54.000	1000.000	23.000	50.000	22.450	464.226	565.033	636.877	61.723	65.814	56.239	40.543	17.449	60.562	19.628	2.282	20.279	9.551	51.998	0.000	0.000	0.000	0.000	0.000
16.000	5.000	55.000	1000.000	23.000	50.000	22.433	464.198	565.027	636.566	61.718	65.782	56.271	40.516	17.394	60.567	20.125	2.282	20.281	9.610	54.668	0.000	0.000	0.000	0.000	0.000
16.000	5.000	56.000	1000.000	23.000	50.000	22.432	464.178	565.015	636.584	61.715	65.779	56.247	40.534	17.393	60.602	19.750	2.282	20.161	9.552	52.654	0.000	0.000	0.000	0.000	0.000
16.000	5.000	57.000	1000.000	23.000	50.000	22.434	464.181	564.702	636.575	61.717	65.735	56.242	40.527	17.397	60.571	20.059	2.282	20.043	9.554	54.311	0.000	0.000	0.000	0.000	0.000
16.000	5.000	58.000	1000.000	23.000	50.000	22.434	464.512	565.009	636.557	61.782	65.609	56.238	40.514	17.397	60.568	20.197	2.282	20.044	9.547	55.063	0.000	0.000	0.000	0.000	0.000
16.000	5.000	59.000	1000.000	23.000	50.000	22.432	464.513	564.925	636.585	61.837	65.503	56.269	40.543	17.458	60.536	20.196	2.282	19.991	9.546	55.059	0.000	0.000	0.000	0.000	0.000
16.000	6.000	0.000	1000.000	23.000	50.000	22.448	464.516	564.728	636.233	61.869	65.530	56.333	40.446	17.458	60.535	19.982	2.282	20.289	9.615	53.894	0.000	0.000	0.000	0.000	0.000
16.000	6.000	1.000	1000.000	23.000	50.000	22.448	464.803	564.695	636.234	61.797	65.533	56.270	40.418	17.489	60.625	19.598	2.282	20.279	9.613	51.842	0.000	0.000	0.000	0.000	0.000
16.000	6.000	2.000	1000.000	23.000	50.000	22.448	464.813	564.682	636.258	61.792	65.622	56.209	40.387	17.545	60.676	20.140	2.282	20.280	9.610	54.750	0.000	0.000	0.000	0.000	0.000
16.000	6.000	3.000	1000.000	23.000	50.000	22.448	464.836	564.987	636.274	61.879	65.688	56.144	40.386	17.549	60.690	19.805	2.282	20.280	9.611	52.944	0.000	0.000	0.000	0.000	0.000
16.000	6.000	4.000	1000.000	23.000	50.000	22.464	465.105	564.993	636.311	61.868	65.781	56.209	40.391	17.514	60.695	19.804	2.282	20.282	9.674	52.935	0.000	0.000	0.000	0.000	0.000
16.000	6.000	5.000	1000.000	23.000	50.000	22.448	465.144	564.699	636.632	61.956	65.533	56.241	40.451	17.488	60.593	20.022	2.282	20.218	9.678	54.112	0.000	0.000	0.000	0.000	0.000
16.000	6.000	6.000	1000.000	23.000	50.000	22.464	465.436	564.729	636.566	62.031	65.621	56.114	40.449	17.487	60.660	20.255	2.282	20.162	9.677	55.375	0.000	0.000	0.000	0.000	0.000
16.000	6.000	7.000	1000.000	23.000	50.000	22.463	465.457	564.690	636.533	61.957	65.479	56.205	40.418	17.487	60.686	20.218	2.282	19.984	9.609	55.169	0.000	0.000	0.000	0.000	0.000
16.000	6.000	8.000	1000.000	23.000	50.000	22.463	465.445	564.727	636.302	61.958	65.356	56.209	40.445	17.455	60.693	20.133	2.282	20.080	9.670	54.708	0.000	0.000	0.000	0.000	0.000
16.000	6.000	9.000	1000.000	23.000	50.000	22.448	465.465	564.696	636.294	61.889	65.423	56.224	40.479	17.456	60.691	20.290	2.282	20.218	9.611	55.571	0.000	0.000	0.000	0.000	0.000
16.000	6.000	10.000	1000.000	23.000	50.000	22.433	465.472	564.683	636.266	61.880	65.612	56.238	40.536	17.519	60.691	19.904	2.289	20.280	9.614	53.476	0.000	0.000	0.000	0.000	0.000
16.000	6.000	11.000	1000.000	23.000	50.000	22.448	465.429	564.721	636.617	61.874	65.809	56.207	40.543	17.523	60.692	19.973	2.289	20.161	9.615	53.844	0.000	0.000	0.000	0.000	0.000
16.000	6.000	12.000	1000.000	23.000	50.000	22.448	465.413	564.719	636.599	61.877	65.467	56.234	40.570	17.516	60.597	20.074	2.289	20.161	9.550	54.393	0.000	0.000	0.000	0.000	0.000
16.000	6.000	13.000	1000.000	23.000	50.000	22.464	465.439	564.686	636.853	61.881	65.493	56.306	40.576	17.491	60.657	20.164	2.289	20.279	9.552	54.875	0.000	0.000	0.000	0.000	0.000
16.000	6.000	14.000	1000.000	23.000	50.000	22.463	465.112	564.720	636.910	61.881	65.561	56.303	40.553	17.512	60.683	19.609	2.289	20.280	9.548	51.898	0.000	0.000	0.000	0.000	0.000
16.000	6.000	15.000	1000.000	23.000	50.000	22.447	465.092	565.019	636.873	61.878	65.405	56.243	40.535	17.508	60.683	20.155	2.289	20.280	9.552	54.829	0.000	0.000	0.000	0.000	0.000
16.000	6.000	16.000	1000.000	23.000	50.000	22.448	465.136	564.986	637.177	61.951	65.404	56.274	40.510	17.489	60.628	19.646	2.289	20.396	9.615	52.093	0.000	0.000	0.000	0.000	0.000
16.000	6.000	17.000	1000.000	23.000	50.000	22.449	465.140	564.992	637.229	61.960	65.430	56.304	40.509	17.550	60.600	20.221	2.289	20.457	9.548	55.191	0.000	0.000	0.000	0.000	0.000
16.000	6.000	18.000	1000.000	23.000	50.000	22.447	465.135	565.024	637.219	61.955	65.378	56.270	40.544	17.517	60.534	19.455	2.289	20.398	9.546	51.087	0.000	0.000	0.000	0.000	0.000
16.000	6.000	19.000	1000.000	23.000	50.000	22.434	465.453	565.051	637.225	61.963	65.529	56.334	40.576	17.490	60.563	19.488	2.289	20.399	9.610	51.262	0.000	0.000	0.000	0.000	0.000
16.000	6.000	20.000	1000.000	23.000	50.000	22.434	465.137	565.030	637.231	61.954	65.595	56.305	40.541	17.489	60.626	20.189	2.289	20.219	9.614	55.019	0.000	0.000	0.000	0.000	0.000
16.000	6.000	21.000	1000.000	23.000	50.000	22.436	465.090	565.017	637.221	62.101	65.590	56.324	40.540	17.487	60.594	20.170	2.289	20.160	9.550	54.917	0.000	0.000	0.000	0.000	0.000
16.000	6.000	22.000	1000.000	23.000	50.000	22.449	465.119	565.044	637.178	62.174	65.586	56.328	40.542	17.458	60.564	20.189	2.289	20.299	9.548	55.016	0.000	0.000	0.000	0.000	0.000
16.000	6.000	23.000	1000.000	23.000	50.000	22.447	465.120	565.023	637.532	62.215	65.682	56.304	40.579	17.487	60.596	20.108	2.289	20.382	9.608	54.578	0.000	0.000	0.000	0.000	0.000
16.000	6.000	24.000	1000.000	23.000	50.000	22.448	465.117	565.006	637.534	62.272	65.619	56.308	40.574	17.489	60.601	19.916	2.289	20.457	9.613	53.537	0.000	0.000	0.000	0.000	0.000
16.000	6.000	25.000	1000.000	23.000	50.000	22.449	465.407	565.032	637.507	62.276	65.592	56.333	40.545	17.510	60.573	19.422	2.289	20.281	9.614	50.915	0.000	0.000	0.000	0.000	0.000
16.000	6.000	26.000	1000.000	23.000	50.000	22.448	465.453	565.027	637.517	62.353	65.498	56.239	40.541	17.512	60.566	20.146	2.289	20.340	9.610	54.782	0.000	0.000	0.000	0.000	0.000
16.000	6.000	27.000	1000.000	23.000	50.000	22.449	465.109	564.989	637.539	62.285	65.557	56.304	40.573	17.488	60.567	20.109	2.289	20.338	9.672	54.580	0.000	0.000	0.000	0.000	0.000
16.000	6.000	28.000	1000.000	23.000	50.000	22.447	465.105	565.020	637.524	62.278	65.683	56.302	40.546	17.457	60.627	19.908	2.297	20.340	9.739	53.495	0.000	0.000	0.000	0.000	0.000
16.000	6.000	29.000	1000.000	23.000	50.000	22.463	465.140	564.988	637.510	62.275	65.711	56.272	40.542	17.461	60.661	20.076	2.297	20.339	9.741	54.399	0.000	0.000	0.000	0.000	0.000
16.000	6.000	30.000	1000.000	23.000	50.000	22.463	465.429	565.033	637.554	62.263	65.717	56.241	40.528	17.457	60.692	19.975	2.297	20.306	9.675	53.853	0.000	0.000	0.000	0.000	0.000
16.000	6.000	31.000	1000.000	23.000	50.000	22.464	465.428	564.994	637.562	62.196	65.697	56.237	40.505	17.429	60.593	19.577	2.297	20.051	9.609	51.726	0.000	0.000	0.000	0.000	0.000
16.000	6.000	32.000	1000.000	23.000	50.000	22.465	465.459	565.005	637.511	62.112	65.650	56.300	40.446	17.430	60.593	20.244	2.297	20.281	9.611	55.314	0.000	0.000	0.000	0.000	0.000
16.000	6.000	33.000	1000.000	23.000	50.000	22.463	465.451	565.006	637.490	62.049	65.464	56.253	40.417	17.456	60.564	19.914	2.297	20.281	9.615	53.522	0.000	0.000	0.000	0.000	0.000
16.000	6.000	34.000	1000.000	23.000	50.000	22.449	465.767	565.050	637.552	62.027	65.468	56.254	40.384	17.460	60.562	20.039	2.297	20.281	9.613	54.203	0.000	0.000	0.000	0.000	0.000
16.000	6.000	35.000	1000.000	23.000	50.000	22.455	465.764	564.993	637.829	62.044	65.342	56.273	40.446	17.482	60.568	19.948	2.297	20.279	9.614	53.707	0.000	0.000	0.000	0.000	0.000
16.000	6.000	36.000	1000.000	23.000	50.000	22.464	465.755	565.025	637.881	62.040	65.398	56.306	40.450	17.488	60.592	20.262	2.297	20.280	9.610	55.413	0.000	0.000	0.000	0.000	0.000
16.000	6.000	37.000	1000.000	23.000	50.000	22.462	465.759	565.004	637.852	62.030	65.592	56.304	40.450	17.485	60.656	20.221	2.297	20.161	9.610	55.189	0.000	0.000	0.000	0.000	0.000
16.000	6.000	38.000	1000.000	23.000	50.000	22.466	465.739	565.252	637.857	62.111	65.623	56.274	40.386	17.461	60.670	19.532	2.297	20.219	9.613	51.489	0.000	0.000	0.000	0.000	0.000
16.000	6.000	39.000	1000.000	23.000	50.000	22.464	465.746	565.266	637.813	62.118	65.893	56.304	40.387	17.458	60.685	20.132	2.297	20.161	9.616	54.705	0.000	0.000	0.000	0.000	0.000
16.000	6.000	40.000	1000.000	23.000	50.000	22.465	465.762	565.012	637.800	62.114	65.795	56.271	40.356	17.425	60.722	20.128	2.297	20.101	9.674	54.681	0.000	0.000	0.000	0.000	0.000
16.000	6.000	41.000	1000.000	23.000	50.000	22.480	465.725	565.315	637.858	62.112	65.764	56.328	40.414	17.425	60.689	20.171	2.297	20.221	9.672	54.914	0.000	0.000	0.000	0.000	0.000
16.000	6.000	42.000	1000.000	23.000	50.000	22.496	465.785	565.319	637.785	61.955	65.732	56.399	40.449	17.427	60.662	20.238	2.297	20.340	9.676	55.275	0.000	0.000	0.000	0.000	0.000
16.000	6.000	43.000	1000.000	23.000	50.000	22.495	465.753	565.354	637.835	61.870	65.687	56.305	40.479	17.424	60.654	19.934	2.297	20.101	9.614	53.624	0.000	0.000	0.000	0.000	0.000
16.000	6.000	44.000	1000.000	23.000	50.000	22.482	465.762	565.352	637.770	61.802	65.594	56.303	40.513	17.456	60.686	19.918	2.297	20.102	9.663	53.540	0.000	0.000	0.000	0.000	0.000
16.000	6.000	45.000	1000.000	23.000	50.000	22.481	465.723	565.342	637.876	61.796	65.560	56.331	40.515	17.458	60.752	20.006	2.330	20.088	9.675	54.014	0.000	0.000	0.000	0.000	0.000
16.000	6.000	46.000	1000.000	23.000	50.000	22.494	466.031	565.634	637.807	61.858	65.591	56.313	40.488	17.457	60.756	20.188	2.330	20.199	9.738	55.002	0.000	0.000	0.000	0.000	0.000
16.000	6.000	47.000	1000.000	23.000	50.000	22.480	466.059	565.662	638.088	61.907	65.559	56.251	40.520	17.459	60.746	20.178	2.330	20.161	9.676	54.952	0.000	0.000	0.000	0.000	0.000
16.000	6.000	48.000	1000.000	23.000	50.000	22.479	466.059	565.658	637.819	61.970	65.561	56.215	40.532	17.458	60.751	19.886	2.330	20.220	9.678	53.371	0.000	0.000	0.000	0.000	0.000
16.000	6.000	49.000	1000.000	23.000	50.000	22.478	466.067	565.624	638.125	62.034	65.498	56.270	40.509	17.458	60.747	19.709	2.330	20.162	9.610	52.422	0.000	0.000	0.000	0.000	0.000
16.000	6.000	50.000	1000.000	23.000	50.000	22.479	466.336	565.618	638.158	62.033	65.584	56.269	40.478	17.429	60.738	20.089	2.330	20.219	9.612	54.467	0.000	0.000	0.000	0.000	0.000
16.000	6.000	51.000	1000.000	23.000	50.000	22.477	466.374	565.631	638.162	62.032	65.596	56.206	40.447	17.431	60.660	19.898	2.330	20.219	9.614	53.436	0.000	0.000	0.000	0.000	0.000
16.000	6.000	52.000	1000.000	23.000	50.000	22.480	466.361	565.651	638.154	62.107	65.552	56.336	40.445	17.487	60.652	19.959	2.330	20.279	9.678	53.765	0.000	0.000	0.000	0.000	0.000
16.000	6.000	53.000	1000.000	23.000	50.000	22.478	466.388	565.638	638.109	62.033	65.511	56.209	40.450	17.517	60.624	19.460	2.330	20.400	9.616	51.108	0.000	0.000	0.000	0.000	0.000
16.000	6.000	54.000	1000.000	23.000	50.000	22.478	466.384	565.638	637.793	62.108	65.431	56.270	40.512	17.400	60.597	19.690	2.330	20.458	9.611	52.323	0.000	0.000	0.000	0.000	0.000
16.000	6.000	55.000	1000.000	23.000	50.000	22.479	466.359	565.643	637.802	61.962	65.561	56.275	40.543	17.395	60.656	19.999	2.330	20.399	9.611	53.976	0.000	0.000	0.000	0.000	0.000
16.000	6.000	56.000	1000.000	23.000	50.000	22.479	466.374	565.642	637.818	61.953	65.874	56.272	40.571	17.424	60.693	19.964	2.330	20.398	9.674	53.792	0.000	0.000	0.000	0.000	0.000
16.000	6.000	57.000	1000.000	23.000	50.000	22.495	466.705	565.665	637.839	61.960	65.905	56.331	40.513	17.402	60.693	19.800	2.330	20.280	9.678	52.906	0.000	0.000	0.000	0.000	0.000
16.000	6.000	58.000	1000.000	23.000	50.000	22.496	466.650	565.685	637.809	62.070	65.752	56.364	40.511	17.418	60.692	19.786	2.330	20.161	9.736	52.834	0.000	0.000	0.000	0.000	0.000
16.000	6.000	59.000	1000.000	23.000	50.000	22.497	467.001	565.687	637.801	62.117	65.656	56.319	40.509	17.458	60.691	20.083	2.330	20.100	9.733	54.429	0.000	0.000	0.000	0.000	0.000
16.000	7.000	0.000	1000.000	23.000	50.000	22.494	466.958	565.655	637.847	62.112	65.592	56.321	40.509	17.427	60.689	20.059	2.330	20.232	9.738	54.302	0.000	0.000	0.000	0.000	0.000
16.000	7.000	1.000	1000.000	23.000	50.000	22.512	467.012	565.629	638.161	62.120	65.563	56.339	40.455	17.458	60.715	19.528	2.330	20.363	9.740	51.462	0.000	0.000	0.000	0.000	0.000
16.000	7.000	2.000	1000.000	23.000	50.000	22.495	466.999	565.649	638.143	62.111	65.534	56.307	40.449	17.427	60.721	20.171	2.330	20.219	9.798	54.907	0.000	0.000	0.000	0.000	0.000
16.000	7.000	3.000	1000.000	23.000	50.000	22.496	466.965	565.649	638.143	62.123	65.541	56.339	40.419	17.428	60.752	19.510	0.000	20.101	9.736	51.367	0.000	0.000	0.000	0.000	0.000
16.000	7.000	4.000	1000.000	23.000	50.000	22.497	467.000	565.664	638.148	62.198	65.575	56.334	40.387	17.394	60.754	20.074	0.000	20.044	9.721	54.381	0.000	0.000	0.000	0.000	0.000
16.000	7.000	5.000	1000.000	23.000	50.000	22.494	467.301	565.648	637.845	62.107	65.590	56.304	40.381	17.456	60.721	20.023	0.000	20.103	9.680	54.103	0.000	0.000	0.000	0.000	0.000
16.000	7.000	6.000	1000.000	23.000	50.000	22.495	467.324	565.640	637.790	62.126	65.562	56.368	40.354	17.455	60.722	20.099	0.000	20.160	9.735	54.518	0.000	0.000	0.000	0.000	0.000
16.000	7.000	7.000	1000.000	23.000	50.000	22.511	467.281	565.653	637.844	61.974	65.590	56.461	40.418	17.486	60.751	20.121	0.000	20.220	9.736	54.633	0.000	0.000	0.000	0.000	0.000
16.000	7.000	8.000	1000.000	23.000	50.000	22.510	467.291	565.641	637.768	62.033	65.528	56.369	40.416	17.467	60.718	20.168	0.000	20.240	9.738	54.892	0.000	0.000	0.000	0.000	0.000
